  -1.0723920e+02   3.7999070e+01
  -1.0723890e+02   3.7999140e+01
  -1.0723860e+02   3.7999120e+01
  -1.0723830e+02   3.7999040e+01
  -1.0723790e+02   3.7999090e+01
  -1.0723720e+02   3.7999250e+01
  -1.0723690e+02   3.7999350e+01
  -1.0723670e+02   3.7999430e+01
  -1.0723640e+02   3.7999510e+01
  -1.0723610e+02   3.7999610e+01
  -1.0723580e+02   3.7999710e+01
  -1.0723540e+02   3.7999870e+01
  -1.0723510e+02   3.7999970e+01
  -1.0723460e+02   3.8000140e+01
  -1.0723430e+02   3.8000220e+01
  -1.0723380e+02   3.8000440e+01
  -1.0723330e+02   3.8000650e+01
  -1.0723280e+02   3.8000850e+01
  -1.0723260e+02   3.8000960e+01
  -1.0723250e+02   3.8001120e+01
  -1.0723260e+02   3.8001330e+01
  -1.0723250e+02   3.8001520e+01
  -1.0723240e+02   3.8001770e+01
  -1.0723230e+02   3.8001910e+01
  -1.0723210e+02   3.8002050e+01
  -1.0723190e+02   3.8002080e+01
  -1.0723180e+02   3.8002110e+01
  -1.0723180e+02   3.8002170e+01
  -1.0723170e+02   3.8002330e+01
  -1.0723160e+02   3.8002670e+01
  -1.0723140e+02   3.8002920e+01
  -1.0723120e+02   3.8003170e+01
  -1.0723090e+02   3.8003520e+01
  -1.0723070e+02   3.8003760e+01
  -1.0723060e+02   3.8003960e+01
  -1.0723060e+02   3.8004200e+01
  -1.0723060e+02   3.8004390e+01
  -1.0723080e+02   3.8004550e+01
  -1.0723100e+02   3.8004610e+01
  -1.0723140e+02   3.8004630e+01
  -1.0723180e+02   3.8004670e+01
  -1.0723210e+02   3.8004740e+01
  -1.0723240e+02   3.8004870e+01
  -1.0723270e+02   3.8004980e+01
  -1.0723310e+02   3.8005150e+01
  -1.0723330e+02   3.8005240e+01
  -1.0723360e+02   3.8005300e+01
  -1.0723380e+02   3.8005300e+01
  -1.0723410e+02   3.8005210e+01
  -1.0723440e+02   3.8005080e+01
  -1.0723490e+02   3.8004990e+01
  -1.0723520e+02   3.8005070e+01
  -1.0723570e+02   3.8005100e+01
  -1.0723610e+02   3.8005140e+01
  -1.0723640e+02   3.8005170e+01
  -1.0723670e+02   3.8005180e+01
  -1.0723700e+02   3.8005170e+01
  -1.0723720e+02   3.8005140e+01
  -1.0723740e+02   3.8004990e+01
  -1.0723780e+02   3.8004940e+01
  -1.0723820e+02   3.8004860e+01
  -1.0723840e+02   3.8004740e+01
  -1.0723850e+02   3.8004610e+01
  -1.0723868e+02   3.8004517e+01
  -1.0723862e+02   3.8004452e+01
  -1.0723854e+02   3.8004360e+01
  -1.0723845e+02   3.8004220e+01
  -1.0723837e+02   3.8004014e+01
  -1.0723832e+02   3.8003836e+01
  -1.0723824e+02   3.8003668e+01
  -1.0723818e+02   3.8003496e+01
  -1.0723814e+02   3.8003299e+01
  -1.0723811e+02   3.8002963e+01
  -1.0723808e+02   3.8002725e+01
  -1.0723806e+02   3.8002493e+01
  -1.0723802e+02   3.8002142e+01
  -1.0723796e+02   3.8001936e+01
  -1.0723800e+02   3.8001671e+01
  -1.0723809e+02   3.8001459e+01
  -1.0723815e+02   3.8001345e+01
  -1.0723826e+02   3.8001236e+01
  -1.0723841e+02   3.8001092e+01
  -1.0723847e+02   3.8000911e+01
  -1.0723854e+02   3.8000791e+01
  -1.0723863e+02   3.8000572e+01
  -1.0723872e+02   3.8000492e+01
  -1.0723880e+02   3.8000330e+01
  -1.0723889e+02   3.8000153e+01
  -1.0723879e+02   3.7999953e+01
  -1.0723879e+02   3.7999765e+01
  -1.0723886e+02   3.7999537e+01
  -1.0723890e+02   3.7999392e+01
  -1.0723894e+02   3.7999259e+01
  -1.0723904e+02   3.7999147e+01
  -1.0723922e+02   3.7999072e+01
  -1.0723933e+02   3.7998994e+01
  -1.0723920e+02   3.7999070e+01
