  -1.0726452e+02   3.7987330e+01
  -1.0726455e+02   3.7987351e+01
  -1.0726465e+02   3.7987426e+01
  -1.0726478e+02   3.7987519e+01
  -1.0726484e+02   3.7987583e+01
  -1.0726486e+02   3.7987667e+01
  -1.0726478e+02   3.7987769e+01
  -1.0726486e+02   3.7987863e+01
  -1.0726495e+02   3.7987969e+01
  -1.0726489e+02   3.7988041e+01
  -1.0726486e+02   3.7988131e+01
  -1.0726478e+02   3.7988205e+01
  -1.0726462e+02   3.7988279e+01
  -1.0726456e+02   3.7988358e+01
  -1.0726469e+02   3.7988427e+01
  -1.0726491e+02   3.7988554e+01
  -1.0726503e+02   3.7988569e+01
  -1.0726517e+02   3.7988572e+01
  -1.0726534e+02   3.7988623e+01
  -1.0726544e+02   3.7988633e+01
  -1.0726553e+02   3.7988655e+01
  -1.0726555e+02   3.7988744e+01
  -1.0726555e+02   3.7988839e+01
  -1.0726557e+02   3.7988904e+01
  -1.0726558e+02   3.7988970e+01
  -1.0726550e+02   3.7989114e+01
  -1.0726539e+02   3.7989307e+01
  -1.0726529e+02   3.7989464e+01
  -1.0726524e+02   3.7989576e+01
  -1.0726521e+02   3.7989591e+01
  -1.0726499e+02   3.7989661e+01
  -1.0726457e+02   3.7989806e+01
  -1.0726433e+02   3.7989868e+01
  -1.0726425e+02   3.7989756e+01
  -1.0726411e+02   3.7989738e+01
  -1.0726357e+02   3.7989759e+01
  -1.0726301e+02   3.7989806e+01
  -1.0726263e+02   3.7989893e+01
  -1.0726211e+02   3.7990066e+01
  -1.0726159e+02   3.7990224e+01
  -1.0726125e+02   3.7990204e+01
  -1.0726093e+02   3.7990279e+01
  -1.0726048e+02   3.7990304e+01
  -1.0725989e+02   3.7990325e+01
  -1.0725928e+02   3.7990390e+01
  -1.0725873e+02   3.7990532e+01
  -1.0725853e+02   3.7990684e+01
  -1.0725805e+02   3.7990978e+01
  -1.0725764e+02   3.7991224e+01
  -1.0725733e+02   3.7991441e+01
  -1.0725682e+02   3.7991783e+01
  -1.0725655e+02   3.7992057e+01
  -1.0725608e+02   3.7992420e+01
  -1.0725564e+02   3.7992687e+01
  -1.0725522e+02   3.7992996e+01
  -1.0725483e+02   3.7993264e+01
  -1.0725467e+02   3.7993249e+01
  -1.0725438e+02   3.7993323e+01
  -1.0725411e+02   3.7993313e+01
  -1.0725384e+02   3.7993397e+01
  -1.0725364e+02   3.7993416e+01
  -1.0725339e+02   3.7993326e+01
  -1.0725325e+02   3.7993218e+01
  -1.0725333e+02   3.7993157e+01
  -1.0725343e+02   3.7993070e+01
  -1.0725362e+02   3.7992928e+01
  -1.0725383e+02   3.7992736e+01
  -1.0725392e+02   3.7992636e+01
  -1.0725416e+02   3.7992440e+01
  -1.0725443e+02   3.7992225e+01
  -1.0725461e+02   3.7992111e+01
  -1.0725493e+02   3.7991844e+01
  -1.0725516e+02   3.7991717e+01
  -1.0725528e+02   3.7991639e+01
  -1.0725548e+02   3.7991504e+01
  -1.0725577e+02   3.7991310e+01
  -1.0725588e+02   3.7991217e+01
  -1.0725614e+02   3.7991039e+01
  -1.0725643e+02   3.7990867e+01
  -1.0725658e+02   3.7990773e+01
  -1.0725706e+02   3.7990503e+01
  -1.0725725e+02   3.7990408e+01
  -1.0725735e+02   3.7990353e+01
  -1.0725762e+02   3.7990193e+01
  -1.0725777e+02   3.7990100e+01
  -1.0725796e+02   3.7990021e+01
  -1.0725829e+02   3.7989879e+01
  -1.0725854e+02   3.7989771e+01
  -1.0725877e+02   3.7989656e+01
  -1.0725894e+02   3.7989587e+01
  -1.0725924e+02   3.7989462e+01
  -1.0725939e+02   3.7989415e+01
  -1.0725955e+02   3.7989368e+01
  -1.0725974e+02   3.7989308e+01
  -1.0725997e+02   3.7989221e+01
  -1.0726011e+02   3.7989162e+01
  -1.0726039e+02   3.7989025e+01
  -1.0726058e+02   3.7988918e+01
  -1.0726074e+02   3.7988814e+01
  -1.0726084e+02   3.7988752e+01
  -1.0726100e+02   3.7988633e+01
  -1.0726113e+02   3.7988530e+01
  -1.0726119e+02   3.7988444e+01
  -1.0726131e+02   3.7988357e+01
  -1.0726148e+02   3.7988291e+01
  -1.0726164e+02   3.7988225e+01
  -1.0726210e+02   3.7988078e+01
  -1.0726229e+02   3.7988005e+01
  -1.0726245e+02   3.7987949e+01
  -1.0726260e+02   3.7987905e+01
  -1.0726279e+02   3.7987848e+01
  -1.0726308e+02   3.7987751e+01
  -1.0726321e+02   3.7987702e+01
  -1.0726334e+02   3.7987655e+01
  -1.0726343e+02   3.7987616e+01
  -1.0726358e+02   3.7987581e+01
  -1.0726372e+02   3.7987538e+01
  -1.0726386e+02   3.7987475e+01
  -1.0726410e+02   3.7987414e+01
  -1.0726437e+02   3.7987359e+01
  -1.0726452e+02   3.7987330e+01
             NaN             NaN
