  -1.0726433e+02   3.7989868e+01
  -1.0726457e+02   3.7989806e+01
  -1.0726499e+02   3.7989661e+01
  -1.0726521e+02   3.7989591e+01
  -1.0726551e+02   3.7989430e+01
  -1.0726580e+02   3.7989311e+01
  -1.0726614e+02   3.7989168e+01
  -1.0726636e+02   3.7989092e+01
  -1.0726664e+02   3.7989045e+01
  -1.0726692e+02   3.7989010e+01
  -1.0726714e+02   3.7988898e+01
  -1.0726738e+02   3.7988744e+01
  -1.0726761e+02   3.7988597e+01
  -1.0726773e+02   3.7988475e+01
  -1.0726798e+02   3.7988351e+01
  -1.0726815e+02   3.7988277e+01
  -1.0726840e+02   3.7988135e+01
  -1.0726866e+02   3.7988010e+01
  -1.0726894e+02   3.7987874e+01
  -1.0726920e+02   3.7987803e+01
  -1.0726944e+02   3.7987721e+01
  -1.0726974e+02   3.7987644e+01
  -1.0726996e+02   3.7987550e+01
  -1.0727011e+02   3.7987488e+01
  -1.0727026e+02   3.7987366e+01
  -1.0727040e+02   3.7987274e+01
  -1.0727055e+02   3.7987193e+01
  -1.0727068e+02   3.7987119e+01
  -1.0727083e+02   3.7987075e+01
  -1.0727091e+02   3.7987103e+01
  -1.0727095e+02   3.7987118e+01
  -1.0727095e+02   3.7987122e+01
  -1.0727094e+02   3.7987179e+01
  -1.0727097e+02   3.7987231e+01
  -1.0727099e+02   3.7987297e+01
  -1.0727101e+02   3.7987359e+01
  -1.0727099e+02   3.7987379e+01
  -1.0727099e+02   3.7987435e+01
  -1.0727098e+02   3.7987498e+01
  -1.0727095e+02   3.7987543e+01
  -1.0727093e+02   3.7987581e+01
  -1.0727087e+02   3.7987632e+01
  -1.0727085e+02   3.7987670e+01
  -1.0727087e+02   3.7987711e+01
  -1.0727089e+02   3.7987767e+01
  -1.0727089e+02   3.7987811e+01
  -1.0727087e+02   3.7987865e+01
  -1.0727082e+02   3.7987929e+01
  -1.0727076e+02   3.7987999e+01
  -1.0727071e+02   3.7988044e+01
  -1.0727066e+02   3.7988101e+01
  -1.0727061e+02   3.7988140e+01
  -1.0727055e+02   3.7988176e+01
  -1.0727051e+02   3.7988239e+01
  -1.0727047e+02   3.7988281e+01
  -1.0727040e+02   3.7988301e+01
  -1.0727039e+02   3.7988349e+01
  -1.0727037e+02   3.7988418e+01
  -1.0727033e+02   3.7988475e+01
  -1.0727026e+02   3.7988527e+01
  -1.0727023e+02   3.7988584e+01
  -1.0727017e+02   3.7988654e+01
  -1.0727013e+02   3.7988699e+01
  -1.0727007e+02   3.7988729e+01
  -1.0726999e+02   3.7988761e+01
  -1.0726991e+02   3.7988804e+01
  -1.0726983e+02   3.7988824e+01
  -1.0726976e+02   3.7988851e+01
  -1.0726974e+02   3.7988883e+01
  -1.0726972e+02   3.7988946e+01
  -1.0726969e+02   3.7989028e+01
  -1.0726965e+02   3.7989063e+01
  -1.0726962e+02   3.7989102e+01
  -1.0726962e+02   3.7989136e+01
  -1.0726965e+02   3.7989195e+01
  -1.0726966e+02   3.7989252e+01
  -1.0726965e+02   3.7989296e+01
  -1.0726967e+02   3.7989368e+01
  -1.0726963e+02   3.7989450e+01
  -1.0726954e+02   3.7989562e+01
  -1.0726942e+02   3.7989618e+01
  -1.0726932e+02   3.7989660e+01
  -1.0726928e+02   3.7989664e+01
  -1.0726918e+02   3.7989679e+01
  -1.0726909e+02   3.7989728e+01
  -1.0726899e+02   3.7989761e+01
  -1.0726891e+02   3.7989800e+01
  -1.0726881e+02   3.7989849e+01
  -1.0726877e+02   3.7989897e+01
  -1.0726873e+02   3.7989945e+01
  -1.0726868e+02   3.7989981e+01
  -1.0726861e+02   3.7990013e+01
  -1.0726853e+02   3.7990043e+01
  -1.0726846e+02   3.7990073e+01
  -1.0726839e+02   3.7990071e+01
  -1.0726830e+02   3.7990041e+01
  -1.0726822e+02   3.7990037e+01
  -1.0726818e+02   3.7990047e+01
  -1.0726819e+02   3.7990094e+01
  -1.0726815e+02   3.7990132e+01
  -1.0726807e+02   3.7990134e+01
  -1.0726800e+02   3.7990123e+01
  -1.0726791e+02   3.7990093e+01
  -1.0726781e+02   3.7990004e+01
  -1.0726768e+02   3.7989950e+01
  -1.0726757e+02   3.7989936e+01
  -1.0726747e+02   3.7989881e+01
  -1.0726733e+02   3.7989824e+01
  -1.0726721e+02   3.7989808e+01
  -1.0726708e+02   3.7989785e+01
  -1.0726694e+02   3.7989794e+01
  -1.0726685e+02   3.7989802e+01
  -1.0726674e+02   3.7989836e+01
  -1.0726666e+02   3.7989859e+01
  -1.0726659e+02   3.7989876e+01
  -1.0726654e+02   3.7989931e+01
  -1.0726649e+02   3.7989998e+01
  -1.0726644e+02   3.7990046e+01
  -1.0726637e+02   3.7990107e+01
  -1.0726621e+02   3.7990176e+01
  -1.0726613e+02   3.7990184e+01
  -1.0726606e+02   3.7990223e+01
  -1.0726599e+02   3.7990246e+01
  -1.0726587e+02   3.7990255e+01
  -1.0726574e+02   3.7990220e+01
  -1.0726565e+02   3.7990155e+01
  -1.0726550e+02   3.7990146e+01
  -1.0726538e+02   3.7990123e+01
  -1.0726534e+02   3.7990058e+01
  -1.0726532e+02   3.7990045e+01
  -1.0726524e+02   3.7990078e+01
  -1.0726518e+02   3.7990079e+01
  -1.0726510e+02   3.7990081e+01
  -1.0726501e+02   3.7990061e+01
  -1.0726491e+02   3.7990037e+01
  -1.0726486e+02   3.7989969e+01
  -1.0726478e+02   3.7989936e+01
  -1.0726460e+02   3.7989902e+01
  -1.0726446e+02   3.7989892e+01
  -1.0726434e+02   3.7989891e+01
  -1.0726433e+02   3.7989868e+01
             NaN             NaN
