  -1.0726452e+02   3.7987330e+01
  -1.0726461e+02   3.7987313e+01
  -1.0726477e+02   3.7987260e+01
  -1.0726489e+02   3.7987233e+01
  -1.0726503e+02   3.7987180e+01
  -1.0726518e+02   3.7987130e+01
  -1.0726532e+02   3.7987067e+01
  -1.0726542e+02   3.7987034e+01
  -1.0726558e+02   3.7986955e+01
  -1.0726570e+02   3.7986909e+01
  -1.0726583e+02   3.7986859e+01
  -1.0726601e+02   3.7986784e+01
  -1.0726613e+02   3.7986737e+01
  -1.0726630e+02   3.7986652e+01
  -1.0726648e+02   3.7986580e+01
  -1.0726659e+02   3.7986540e+01
  -1.0726673e+02   3.7986481e+01
  -1.0726682e+02   3.7986451e+01
  -1.0726692e+02   3.7986414e+01
  -1.0726704e+02   3.7986377e+01
  -1.0726713e+02   3.7986347e+01
  -1.0726725e+02   3.7986304e+01
  -1.0726736e+02   3.7986249e+01
  -1.0726743e+02   3.7986241e+01
  -1.0726751e+02   3.7986189e+01
  -1.0726759e+02   3.7986163e+01
  -1.0726770e+02   3.7986176e+01
  -1.0726778e+02   3.7986171e+01
  -1.0726789e+02   3.7986157e+01
  -1.0726805e+02   3.7986147e+01
  -1.0726818e+02   3.7986173e+01
  -1.0726832e+02   3.7986202e+01
  -1.0726849e+02   3.7986195e+01
  -1.0726867e+02   3.7986173e+01
  -1.0726886e+02   3.7986132e+01
  -1.0726903e+02   3.7986103e+01
  -1.0726923e+02   3.7986093e+01
  -1.0726939e+02   3.7986090e+01
  -1.0726953e+02   3.7986084e+01
  -1.0726968e+02   3.7986078e+01
  -1.0726984e+02   3.7986081e+01
  -1.0726997e+02   3.7986101e+01
  -1.0727009e+02   3.7986127e+01
  -1.0727018e+02   3.7986125e+01
  -1.0727031e+02   3.7986129e+01
  -1.0727047e+02   3.7986167e+01
  -1.0727059e+02   3.7986183e+01
  -1.0727070e+02   3.7986241e+01
  -1.0727077e+02   3.7986271e+01
  -1.0727087e+02   3.7986300e+01
  -1.0727096e+02   3.7986327e+01
  -1.0727107e+02   3.7986359e+01
  -1.0727112e+02   3.7986424e+01
  -1.0727114e+02   3.7986487e+01
  -1.0727114e+02   3.7986562e+01
  -1.0727115e+02   3.7986606e+01
  -1.0727119e+02   3.7986677e+01
  -1.0727121e+02   3.7986734e+01
  -1.0727118e+02   3.7986800e+01
  -1.0727115e+02   3.7986854e+01
  -1.0727115e+02   3.7986942e+01
  -1.0727111e+02   3.7987012e+01
  -1.0727106e+02   3.7987038e+01
  -1.0727099e+02   3.7987074e+01
  -1.0727095e+02   3.7987118e+01
  -1.0727091e+02   3.7987103e+01
  -1.0727083e+02   3.7987075e+01
  -1.0727068e+02   3.7987119e+01
  -1.0727055e+02   3.7987193e+01
  -1.0727040e+02   3.7987274e+01
  -1.0727026e+02   3.7987366e+01
  -1.0727011e+02   3.7987488e+01
  -1.0726996e+02   3.7987550e+01
  -1.0726974e+02   3.7987644e+01
  -1.0726944e+02   3.7987721e+01
  -1.0726920e+02   3.7987803e+01
  -1.0726894e+02   3.7987874e+01
  -1.0726866e+02   3.7988010e+01
  -1.0726840e+02   3.7988135e+01
  -1.0726815e+02   3.7988277e+01
  -1.0726798e+02   3.7988351e+01
  -1.0726773e+02   3.7988475e+01
  -1.0726761e+02   3.7988597e+01
  -1.0726738e+02   3.7988744e+01
  -1.0726714e+02   3.7988898e+01
  -1.0726692e+02   3.7989010e+01
  -1.0726664e+02   3.7989045e+01
  -1.0726636e+02   3.7989092e+01
  -1.0726614e+02   3.7989168e+01
  -1.0726580e+02   3.7989311e+01
  -1.0726551e+02   3.7989430e+01
  -1.0726524e+02   3.7989576e+01
  -1.0726529e+02   3.7989464e+01
  -1.0726539e+02   3.7989307e+01
  -1.0726550e+02   3.7989114e+01
  -1.0726558e+02   3.7988970e+01
  -1.0726557e+02   3.7988904e+01
  -1.0726555e+02   3.7988839e+01
  -1.0726555e+02   3.7988744e+01
  -1.0726553e+02   3.7988655e+01
  -1.0726544e+02   3.7988633e+01
  -1.0726534e+02   3.7988623e+01
  -1.0726517e+02   3.7988572e+01
  -1.0726503e+02   3.7988569e+01
  -1.0726491e+02   3.7988554e+01
  -1.0726469e+02   3.7988427e+01
  -1.0726456e+02   3.7988358e+01
  -1.0726462e+02   3.7988279e+01
  -1.0726478e+02   3.7988205e+01
  -1.0726486e+02   3.7988131e+01
  -1.0726489e+02   3.7988041e+01
  -1.0726495e+02   3.7987969e+01
  -1.0726486e+02   3.7987863e+01
  -1.0726478e+02   3.7987769e+01
  -1.0726486e+02   3.7987667e+01
  -1.0726484e+02   3.7987583e+01
  -1.0726478e+02   3.7987519e+01
  -1.0726465e+02   3.7987426e+01
  -1.0726455e+02   3.7987351e+01
  -1.0726452e+02   3.7987330e+01
             NaN             NaN
