  -1.0724082e+02   3.7998410e+01
  -1.0724065e+02   3.7998680e+01
  -1.0724064e+02   3.7998812e+01
  -1.0724068e+02   3.7998933e+01
  -1.0724074e+02   3.7999032e+01
  -1.0724079e+02   3.7999131e+01
  -1.0724088e+02   3.7999262e+01
  -1.0724097e+02   3.7999360e+01
  -1.0724117e+02   3.7999457e+01
  -1.0724132e+02   3.7999501e+01
  -1.0724140e+02   3.7999579e+01
  -1.0724145e+02   3.7999683e+01
  -1.0724146e+02   3.7999810e+01
  -1.0724143e+02   3.7999953e+01
  -1.0724139e+02   3.8000112e+01
  -1.0724135e+02   3.8000334e+01
  -1.0724137e+02   3.8000450e+01
  -1.0724145e+02   3.8000517e+01
  -1.0724158e+02   3.8000589e+01
  -1.0724170e+02   3.8000660e+01
  -1.0724184e+02   3.8000821e+01
  -1.0724195e+02   3.8000909e+01
  -1.0724194e+02   3.8001004e+01
  -1.0724210e+02   3.8001138e+01
  -1.0724227e+02   3.8001203e+01
  -1.0724242e+02   3.8001263e+01
  -1.0724236e+02   3.8001267e+01
  -1.0724218e+02   3.8001296e+01
  -1.0724198e+02   3.8001316e+01
  -1.0724176e+02   3.8001351e+01
  -1.0724160e+02   3.8001395e+01
  -1.0724148e+02   3.8001445e+01
  -1.0724135e+02   3.8001507e+01
  -1.0724121e+02   3.8001566e+01
  -1.0724111e+02   3.8001618e+01
  -1.0724101e+02   3.8001670e+01
  -1.0724093e+02   3.8001741e+01
  -1.0724087e+02   3.8001814e+01
  -1.0724082e+02   3.8001910e+01
  -1.0724080e+02   3.8001998e+01
  -1.0724079e+02   3.8002105e+01
  -1.0724079e+02   3.8002180e+01
  -1.0724078e+02   3.8002228e+01
  -1.0724074e+02   3.8002310e+01
  -1.0724070e+02   3.8002374e+01
  -1.0724065e+02   3.8002431e+01
  -1.0724061e+02   3.8002504e+01
  -1.0724058e+02   3.8002574e+01
  -1.0724055e+02   3.8002647e+01
  -1.0724050e+02   3.8002736e+01
  -1.0724042e+02   3.8002882e+01
  -1.0724040e+02   3.8002939e+01
  -1.0724036e+02   3.8002993e+01
  -1.0724035e+02   3.8003059e+01
  -1.0724034e+02   3.8003125e+01
  -1.0724031e+02   3.8003185e+01
  -1.0724030e+02   3.8003258e+01
  -1.0724027e+02   3.8003309e+01
  -1.0724027e+02   3.8003350e+01
  -1.0724024e+02   3.8003416e+01
  -1.0724018e+02   3.8003502e+01
  -1.0724013e+02   3.8003591e+01
  -1.0724010e+02   3.8003679e+01
  -1.0724008e+02   3.8003780e+01
  -1.0724008e+02   3.8003897e+01
  -1.0724015e+02   3.8003974e+01
  -1.0724022e+02   3.8004032e+01
  -1.0724033e+02   3.8004156e+01
  -1.0724040e+02   3.8004252e+01
  -1.0724045e+02   3.8004389e+01
  -1.0724043e+02   3.8004477e+01
  -1.0724039e+02   3.8004576e+01
  -1.0724036e+02   3.8004645e+01
  -1.0724033e+02   3.8004715e+01
  -1.0724025e+02   3.8004779e+01
  -1.0724019e+02   3.8004834e+01
  -1.0724009e+02   3.8004886e+01
  -1.0724004e+02   3.8004950e+01
  -1.0723996e+02   3.8005014e+01
  -1.0723991e+02   3.8005084e+01
  -1.0723985e+02   3.8005136e+01
  -1.0723977e+02   3.8005184e+01
  -1.0723971e+02   3.8005229e+01
  -1.0723964e+02   3.8005268e+01
  -1.0723956e+02   3.8005295e+01
  -1.0723949e+02   3.8005300e+01
  -1.0723942e+02   3.8005301e+01
  -1.0723936e+02   3.8005264e+01
  -1.0723933e+02   3.8005199e+01
  -1.0723928e+02   3.8005134e+01
  -1.0723923e+02   3.8005072e+01
  -1.0723916e+02   3.8005017e+01
  -1.0723911e+02   3.8004980e+01
  -1.0723908e+02   3.8004940e+01
  -1.0723902e+02   3.8004897e+01
  -1.0723897e+02   3.8004848e+01
  -1.0723889e+02   3.8004764e+01
  -1.0723882e+02   3.8004650e+01
  -1.0723876e+02   3.8004603e+01
  -1.0723868e+02   3.8004517e+01
  -1.0723862e+02   3.8004452e+01
  -1.0723854e+02   3.8004360e+01
  -1.0723845e+02   3.8004220e+01
  -1.0723837e+02   3.8004014e+01
  -1.0723832e+02   3.8003836e+01
  -1.0723824e+02   3.8003668e+01
  -1.0723818e+02   3.8003496e+01
  -1.0723814e+02   3.8003299e+01
  -1.0723811e+02   3.8002963e+01
  -1.0723808e+02   3.8002725e+01
  -1.0723806e+02   3.8002493e+01
  -1.0723802e+02   3.8002142e+01
  -1.0723796e+02   3.8001936e+01
  -1.0723800e+02   3.8001671e+01
  -1.0723809e+02   3.8001459e+01
  -1.0723815e+02   3.8001345e+01
  -1.0723826e+02   3.8001236e+01
  -1.0723841e+02   3.8001092e+01
  -1.0723847e+02   3.8000911e+01
  -1.0723854e+02   3.8000791e+01
  -1.0723863e+02   3.8000572e+01
  -1.0723872e+02   3.8000492e+01
  -1.0723880e+02   3.8000330e+01
  -1.0723889e+02   3.8000153e+01
  -1.0723879e+02   3.7999953e+01
  -1.0723879e+02   3.7999765e+01
  -1.0723886e+02   3.7999537e+01
  -1.0723890e+02   3.7999392e+01
  -1.0723894e+02   3.7999259e+01
  -1.0723904e+02   3.7999147e+01
  -1.0723922e+02   3.7999072e+01
  -1.0723933e+02   3.7998994e+01
  -1.0723946e+02   3.7998907e+01
  -1.0723964e+02   3.7998806e+01
  -1.0723988e+02   3.7998710e+01
  -1.0724005e+02   3.7998704e+01
  -1.0724030e+02   3.7998589e+01
  -1.0724051e+02   3.7998500e+01
  -1.0724080e+02   3.7998417e+01
  -1.0724082e+02   3.7998410e+01
             NaN             NaN
