  -1.0724199e+02   3.7998142e+01
  -1.0724201e+02   3.7998359e+01
  -1.0724203e+02   3.7998511e+01
  -1.0724208e+02   3.7998653e+01
  -1.0724214e+02   3.7998821e+01
  -1.0724227e+02   3.7998945e+01
  -1.0724244e+02   3.7999015e+01
  -1.0724263e+02   3.7999075e+01
  -1.0724285e+02   3.7999203e+01
  -1.0724308e+02   3.7999241e+01
  -1.0724326e+02   3.7999185e+01
  -1.0724356e+02   3.7999005e+01
  -1.0724367e+02   3.7999082e+01
  -1.0724389e+02   3.7999209e+01
  -1.0724407e+02   3.7999338e+01
  -1.0724417e+02   3.7999463e+01
  -1.0724417e+02   3.7999552e+01
  -1.0724416e+02   3.7999674e+01
  -1.0724419e+02   3.7999821e+01
  -1.0724424e+02   3.7999921e+01
  -1.0724425e+02   3.8000042e+01
  -1.0724422e+02   3.8000179e+01
  -1.0724424e+02   3.8000353e+01
  -1.0724439e+02   3.8000477e+01
  -1.0724458e+02   3.8000547e+01
  -1.0724470e+02   3.8000580e+01
  -1.0724456e+02   3.8000626e+01
  -1.0724444e+02   3.8000650e+01
  -1.0724432e+02   3.8000652e+01
  -1.0724427e+02   3.8000656e+01
  -1.0724419e+02   3.8000689e+01
  -1.0724404e+02   3.8000733e+01
  -1.0724381e+02   3.8000806e+01
  -1.0724363e+02   3.8000866e+01
  -1.0724348e+02   3.8000932e+01
  -1.0724339e+02   3.8000987e+01
  -1.0724332e+02   3.8001023e+01
  -1.0724323e+02   3.8001072e+01
  -1.0724317e+02   3.8001133e+01
  -1.0724309e+02   3.8001181e+01
  -1.0724298e+02   3.8001231e+01
  -1.0724285e+02   3.8001239e+01
  -1.0724271e+02   3.8001252e+01
  -1.0724250e+02   3.8001256e+01
  -1.0724242e+02   3.8001263e+01
  -1.0724227e+02   3.8001203e+01
  -1.0724210e+02   3.8001138e+01
  -1.0724194e+02   3.8001004e+01
  -1.0724195e+02   3.8000909e+01
  -1.0724184e+02   3.8000821e+01
  -1.0724170e+02   3.8000660e+01
  -1.0724158e+02   3.8000589e+01
  -1.0724145e+02   3.8000517e+01
  -1.0724137e+02   3.8000450e+01
  -1.0724135e+02   3.8000334e+01
  -1.0724139e+02   3.8000112e+01
  -1.0724143e+02   3.7999953e+01
  -1.0724146e+02   3.7999810e+01
  -1.0724145e+02   3.7999683e+01
  -1.0724140e+02   3.7999579e+01
  -1.0724132e+02   3.7999501e+01
  -1.0724117e+02   3.7999457e+01
  -1.0724097e+02   3.7999360e+01
  -1.0724088e+02   3.7999262e+01
  -1.0724079e+02   3.7999131e+01
  -1.0724074e+02   3.7999032e+01
  -1.0724068e+02   3.7998933e+01
  -1.0724064e+02   3.7998812e+01
  -1.0724065e+02   3.7998680e+01
  -1.0724082e+02   3.7998410e+01
  -1.0724096e+02   3.7998373e+01
  -1.0724117e+02   3.7998325e+01
  -1.0724143e+02   3.7998235e+01
  -1.0724160e+02   3.7998188e+01
  -1.0724191e+02   3.7998150e+01
  -1.0724199e+02   3.7998142e+01
             NaN             NaN
