  -1.0724537e+02   3.7997544e+01
  -1.0724528e+02   3.7997698e+01
  -1.0724521e+02   3.7997794e+01
  -1.0724497e+02   3.7997952e+01
  -1.0724484e+02   3.7998113e+01
  -1.0724469e+02   3.7998284e+01
  -1.0724449e+02   3.7998462e+01
  -1.0724424e+02   3.7998567e+01
  -1.0724402e+02   3.7998698e+01
  -1.0724384e+02   3.7998818e+01
  -1.0724360e+02   3.7998960e+01
  -1.0724357e+02   3.7999010e+01
  -1.0724356e+02   3.7999005e+01
  -1.0724326e+02   3.7999185e+01
  -1.0724308e+02   3.7999241e+01
  -1.0724285e+02   3.7999203e+01
  -1.0724263e+02   3.7999075e+01
  -1.0724244e+02   3.7999015e+01
  -1.0724227e+02   3.7998945e+01
  -1.0724214e+02   3.7998821e+01
  -1.0724208e+02   3.7998653e+01
  -1.0724203e+02   3.7998511e+01
  -1.0724201e+02   3.7998359e+01
  -1.0724199e+02   3.7998142e+01
  -1.0724227e+02   3.7998112e+01
  -1.0724269e+02   3.7998057e+01
  -1.0724306e+02   3.7998021e+01
  -1.0724331e+02   3.7997970e+01
  -1.0724377e+02   3.7997851e+01
  -1.0724404e+02   3.7997773e+01
  -1.0724428e+02   3.7997728e+01
  -1.0724451e+02   3.7997695e+01
  -1.0724472e+02   3.7997663e+01
  -1.0724488e+02   3.7997626e+01
  -1.0724500e+02   3.7997601e+01
  -1.0724524e+02   3.7997550e+01
  -1.0724534e+02   3.7997551e+01
  -1.0724537e+02   3.7997544e+01
             NaN             NaN
