  -1.0724357e+02   3.7999010e+01
  -1.0724360e+02   3.7998960e+01
  -1.0724384e+02   3.7998818e+01
  -1.0724402e+02   3.7998698e+01
  -1.0724424e+02   3.7998567e+01
  -1.0724449e+02   3.7998462e+01
  -1.0724469e+02   3.7998284e+01
  -1.0724484e+02   3.7998113e+01
  -1.0724497e+02   3.7997952e+01
  -1.0724521e+02   3.7997794e+01
  -1.0724528e+02   3.7997698e+01
  -1.0724537e+02   3.7997544e+01
  -1.0724549e+02   3.7997516e+01
  -1.0724556e+02   3.7997497e+01
  -1.0724571e+02   3.7997737e+01
  -1.0724593e+02   3.7997939e+01
  -1.0724604e+02   3.7997989e+01
  -1.0724626e+02   3.7998091e+01
  -1.0724640e+02   3.7998104e+01
  -1.0724672e+02   3.7998061e+01
  -1.0724700e+02   3.7997992e+01
  -1.0724723e+02   3.7997982e+01
  -1.0724773e+02   3.7998100e+01
  -1.0724808e+02   3.7998230e+01
  -1.0724833e+02   3.7998299e+01
  -1.0724851e+02   3.7998354e+01
  -1.0724876e+02   3.7998328e+01
  -1.0724898e+02   3.7998271e+01
  -1.0724918e+02   3.7998209e+01
  -1.0724940e+02   3.7998168e+01
  -1.0724964e+02   3.7998095e+01
  -1.0724991e+02   3.7997989e+01
  -1.0725009e+02   3.7997896e+01
  -1.0725031e+02   3.7997808e+01
  -1.0725049e+02   3.7997656e+01
  -1.0725065e+02   3.7997578e+01
  -1.0725063e+02   3.7997613e+01
  -1.0725057e+02   3.7997746e+01
  -1.0725051e+02   3.7997863e+01
  -1.0725049e+02   3.7997967e+01
  -1.0725042e+02   3.7998060e+01
  -1.0725032e+02   3.7998181e+01
  -1.0725025e+02   3.7998296e+01
  -1.0725015e+02   3.7998407e+01
  -1.0725007e+02   3.7998510e+01
  -1.0724999e+02   3.7998590e+01
  -1.0724988e+02   3.7998686e+01
  -1.0724976e+02   3.7998779e+01
  -1.0724967e+02   3.7998844e+01
  -1.0724958e+02   3.7998886e+01
  -1.0724941e+02   3.7999003e+01
  -1.0724930e+02   3.7999080e+01
  -1.0724914e+02   3.7999175e+01
  -1.0724903e+02   3.7999236e+01
  -1.0724890e+02   3.7999292e+01
  -1.0724874e+02   3.7999371e+01
  -1.0724852e+02   3.7999466e+01
  -1.0724838e+02   3.7999544e+01
  -1.0724816e+02   3.7999627e+01
  -1.0724800e+02   3.7999680e+01
  -1.0724784e+02   3.7999740e+01
  -1.0724770e+02   3.7999761e+01
  -1.0724756e+02   3.7999799e+01
  -1.0724734e+02   3.7999837e+01
  -1.0724709e+02   3.7999917e+01
  -1.0724690e+02   3.7999968e+01
  -1.0724672e+02   3.8000012e+01
  -1.0724652e+02   3.8000063e+01
  -1.0724638e+02   3.8000110e+01
  -1.0724613e+02   3.8000181e+01
  -1.0724595e+02   3.8000238e+01
  -1.0724581e+02   3.8000287e+01
  -1.0724560e+02   3.8000361e+01
  -1.0724541e+02   3.8000421e+01
  -1.0724513e+02   3.8000489e+01
  -1.0724495e+02   3.8000527e+01
  -1.0724485e+02   3.8000541e+01
  -1.0724470e+02   3.8000579e+01
  -1.0724470e+02   3.8000580e+01
  -1.0724458e+02   3.8000547e+01
  -1.0724439e+02   3.8000477e+01
  -1.0724424e+02   3.8000353e+01
  -1.0724422e+02   3.8000179e+01
  -1.0724425e+02   3.8000042e+01
  -1.0724424e+02   3.7999921e+01
  -1.0724419e+02   3.7999821e+01
  -1.0724416e+02   3.7999674e+01
  -1.0724417e+02   3.7999552e+01
  -1.0724417e+02   3.7999463e+01
  -1.0724407e+02   3.7999338e+01
  -1.0724389e+02   3.7999209e+01
  -1.0724367e+02   3.7999082e+01
  -1.0724357e+02   3.7999010e+01
             NaN             NaN
