  -1.0724755e+02   3.7996707e+01
  -1.0724753e+02   3.7996779e+01
  -1.0724754e+02   3.7996853e+01
  -1.0724761e+02   3.7996951e+01
  -1.0724774e+02   3.7997039e+01
  -1.0724788e+02   3.7997094e+01
  -1.0724809e+02   3.7997138e+01
  -1.0724829e+02   3.7997160e+01
  -1.0724850e+02   3.7997188e+01
  -1.0724868e+02   3.7997285e+01
  -1.0724891e+02   3.7997428e+01
  -1.0724914e+02   3.7997550e+01
  -1.0724927e+02   3.7997680e+01
  -1.0724942e+02   3.7997851e+01
  -1.0724951e+02   3.7997965e+01
  -1.0724967e+02   3.7997994e+01
  -1.0724992e+02   3.7997984e+01
  -1.0724991e+02   3.7997989e+01
  -1.0724964e+02   3.7998095e+01
  -1.0724940e+02   3.7998168e+01
  -1.0724918e+02   3.7998209e+01
  -1.0724898e+02   3.7998271e+01
  -1.0724876e+02   3.7998328e+01
  -1.0724851e+02   3.7998354e+01
  -1.0724833e+02   3.7998299e+01
  -1.0724808e+02   3.7998230e+01
  -1.0724773e+02   3.7998100e+01
  -1.0724723e+02   3.7997982e+01
  -1.0724700e+02   3.7997992e+01
  -1.0724672e+02   3.7998061e+01
  -1.0724640e+02   3.7998104e+01
  -1.0724626e+02   3.7998091e+01
  -1.0724604e+02   3.7997989e+01
  -1.0724593e+02   3.7997939e+01
  -1.0724571e+02   3.7997737e+01
  -1.0724556e+02   3.7997497e+01
  -1.0724559e+02   3.7997486e+01
  -1.0724571e+02   3.7997471e+01
  -1.0724584e+02   3.7997425e+01
  -1.0724593e+02   3.7997420e+01
  -1.0724605e+02   3.7997390e+01
  -1.0724627e+02   3.7997329e+01
  -1.0724646e+02   3.7997237e+01
  -1.0724662e+02   3.7997165e+01
  -1.0724692e+02   3.7996974e+01
  -1.0724718e+02   3.7996868e+01
  -1.0724732e+02   3.7996809e+01
  -1.0724749e+02   3.7996737e+01
  -1.0724755e+02   3.7996707e+01
             NaN             NaN
