  -1.0725019e+02   3.7995244e+01
  -1.0725019e+02   3.7995366e+01
  -1.0725024e+02   3.7995471e+01
  -1.0725039e+02   3.7995526e+01
  -1.0725065e+02   3.7995553e+01
  -1.0725083e+02   3.7995555e+01
  -1.0725113e+02   3.7995575e+01
  -1.0725138e+02   3.7995576e+01
  -1.0725160e+02   3.7995561e+01
  -1.0725179e+02   3.7995531e+01
  -1.0725195e+02   3.7995591e+01
  -1.0725208e+02   3.7995673e+01
  -1.0725229e+02   3.7995754e+01
  -1.0725240e+02   3.7995839e+01
  -1.0725238e+02   3.7995848e+01
  -1.0725223e+02   3.7995974e+01
  -1.0725213e+02   3.7996038e+01
  -1.0725198e+02   3.7996154e+01
  -1.0725183e+02   3.7996280e+01
  -1.0725167e+02   3.7996431e+01
  -1.0725156e+02   3.7996514e+01
  -1.0725140e+02   3.7996643e+01
  -1.0725134e+02   3.7996707e+01
  -1.0725125e+02   3.7996809e+01
  -1.0725115e+02   3.7996899e+01
  -1.0725107e+02   3.7997005e+01
  -1.0725096e+02   3.7997132e+01
  -1.0725086e+02   3.7997241e+01
  -1.0725078e+02   3.7997349e+01
  -1.0725073e+02   3.7997432e+01
  -1.0725068e+02   3.7997515e+01
  -1.0725065e+02   3.7997578e+01
  -1.0725049e+02   3.7997656e+01
  -1.0725031e+02   3.7997808e+01
  -1.0725009e+02   3.7997896e+01
  -1.0724992e+02   3.7997984e+01
  -1.0724967e+02   3.7997994e+01
  -1.0724951e+02   3.7997965e+01
  -1.0724942e+02   3.7997851e+01
  -1.0724927e+02   3.7997680e+01
  -1.0724914e+02   3.7997550e+01
  -1.0724891e+02   3.7997428e+01
  -1.0724868e+02   3.7997285e+01
  -1.0724850e+02   3.7997188e+01
  -1.0724829e+02   3.7997160e+01
  -1.0724809e+02   3.7997138e+01
  -1.0724788e+02   3.7997094e+01
  -1.0724774e+02   3.7997039e+01
  -1.0724761e+02   3.7996951e+01
  -1.0724754e+02   3.7996853e+01
  -1.0724753e+02   3.7996779e+01
  -1.0724755e+02   3.7996707e+01
  -1.0724762e+02   3.7996678e+01
  -1.0724773e+02   3.7996629e+01
  -1.0724796e+02   3.7996514e+01
  -1.0724817e+02   3.7996419e+01
  -1.0724833e+02   3.7996344e+01
  -1.0724858e+02   3.7996223e+01
  -1.0724875e+02   3.7996113e+01
  -1.0724893e+02   3.7996015e+01
  -1.0724916e+02   3.7995888e+01
  -1.0724941e+02   3.7995764e+01
  -1.0724969e+02   3.7995567e+01
  -1.0724982e+02   3.7995467e+01
  -1.0725002e+02   3.7995338e+01
  -1.0725019e+02   3.7995244e+01
             NaN             NaN
