  -1.0725325e+02   3.7993218e+01
  -1.0725339e+02   3.7993326e+01
  -1.0725364e+02   3.7993416e+01
  -1.0725384e+02   3.7993397e+01
  -1.0725411e+02   3.7993313e+01
  -1.0725438e+02   3.7993323e+01
  -1.0725467e+02   3.7993249e+01
  -1.0725499e+02   3.7993280e+01
  -1.0725532e+02   3.7993411e+01
  -1.0725568e+02   3.7993467e+01
  -1.0725612e+02   3.7993467e+01
  -1.0725610e+02   3.7993480e+01
  -1.0725599e+02   3.7993577e+01
  -1.0725583e+02   3.7993687e+01
  -1.0725568e+02   3.7993762e+01
  -1.0725551e+02   3.7993816e+01
  -1.0725537e+02   3.7993850e+01
  -1.0725526e+02   3.7993896e+01
  -1.0725518e+02   3.7993951e+01
  -1.0725503e+02   3.7994041e+01
  -1.0725488e+02   3.7994132e+01
  -1.0725474e+02   3.7994235e+01
  -1.0725466e+02   3.7994297e+01
  -1.0725458e+02   3.7994342e+01
  -1.0725449e+02   3.7994394e+01
  -1.0725440e+02   3.7994493e+01
  -1.0725432e+02   3.7994561e+01
  -1.0725418e+02   3.7994658e+01
  -1.0725405e+02   3.7994732e+01
  -1.0725393e+02   3.7994773e+01
  -1.0725387e+02   3.7994767e+01
  -1.0725374e+02   3.7994823e+01
  -1.0725358e+02   3.7994918e+01
  -1.0725343e+02   3.7995024e+01
  -1.0725327e+02   3.7995143e+01
  -1.0725317e+02   3.7995221e+01
  -1.0725301e+02   3.7995362e+01
  -1.0725291e+02   3.7995442e+01
  -1.0725278e+02   3.7995552e+01
  -1.0725267e+02   3.7995648e+01
  -1.0725251e+02   3.7995767e+01
  -1.0725240e+02   3.7995839e+01
  -1.0725229e+02   3.7995754e+01
  -1.0725208e+02   3.7995673e+01
  -1.0725195e+02   3.7995591e+01
  -1.0725179e+02   3.7995531e+01
  -1.0725160e+02   3.7995561e+01
  -1.0725138e+02   3.7995576e+01
  -1.0725113e+02   3.7995575e+01
  -1.0725083e+02   3.7995555e+01
  -1.0725065e+02   3.7995553e+01
  -1.0725039e+02   3.7995526e+01
  -1.0725024e+02   3.7995471e+01
  -1.0725019e+02   3.7995366e+01
  -1.0725019e+02   3.7995244e+01
  -1.0725034e+02   3.7995165e+01
  -1.0725057e+02   3.7995035e+01
  -1.0725091e+02   3.7994868e+01
  -1.0725113e+02   3.7994741e+01
  -1.0725139e+02   3.7994605e+01
  -1.0725156e+02   3.7994491e+01
  -1.0725189e+02   3.7994224e+01
  -1.0725198e+02   3.7994131e+01
  -1.0725210e+02   3.7994035e+01
  -1.0725224e+02   3.7993922e+01
  -1.0725237e+02   3.7993841e+01
  -1.0725250e+02   3.7993722e+01
  -1.0725266e+02   3.7993634e+01
  -1.0725280e+02   3.7993547e+01
  -1.0725297e+02   3.7993409e+01
  -1.0725311e+02   3.7993331e+01
  -1.0725325e+02   3.7993218e+01
             NaN             NaN
