  -1.0725483e+02   3.7993264e+01
  -1.0725522e+02   3.7992996e+01
  -1.0725564e+02   3.7992687e+01
  -1.0725608e+02   3.7992420e+01
  -1.0725655e+02   3.7992057e+01
  -1.0725682e+02   3.7991783e+01
  -1.0725733e+02   3.7991441e+01
  -1.0725764e+02   3.7991224e+01
  -1.0725805e+02   3.7990978e+01
  -1.0725853e+02   3.7990684e+01
  -1.0725873e+02   3.7990532e+01
  -1.0725928e+02   3.7990390e+01
  -1.0725989e+02   3.7990325e+01
  -1.0726048e+02   3.7990304e+01
  -1.0726093e+02   3.7990279e+01
  -1.0726125e+02   3.7990204e+01
  -1.0726159e+02   3.7990224e+01
  -1.0726211e+02   3.7990066e+01
  -1.0726263e+02   3.7989893e+01
  -1.0726301e+02   3.7989806e+01
  -1.0726357e+02   3.7989759e+01
  -1.0726411e+02   3.7989738e+01
  -1.0726425e+02   3.7989756e+01
  -1.0726434e+02   3.7989891e+01
  -1.0726426e+02   3.7989890e+01
  -1.0726410e+02   3.7989921e+01
  -1.0726394e+02   3.7989975e+01
  -1.0726383e+02   3.7990039e+01
  -1.0726368e+02   3.7990093e+01
  -1.0726345e+02   3.7990191e+01
  -1.0726329e+02   3.7990267e+01
  -1.0726315e+02   3.7990361e+01
  -1.0726301e+02   3.7990426e+01
  -1.0726288e+02   3.7990513e+01
  -1.0726272e+02   3.7990589e+01
  -1.0726255e+02   3.7990683e+01
  -1.0726234e+02   3.7990791e+01
  -1.0726217e+02   3.7990866e+01
  -1.0726199e+02   3.7990945e+01
  -1.0726180e+02   3.7991012e+01
  -1.0726160e+02   3.7991066e+01
  -1.0726140e+02   3.7991107e+01
  -1.0726126e+02   3.7991145e+01
  -1.0726118e+02   3.7991156e+01
  -1.0726111e+02   3.7991154e+01
  -1.0726101e+02   3.7991140e+01
  -1.0726088e+02   3.7991130e+01
  -1.0726078e+02   3.7991160e+01
  -1.0726070e+02   3.7991171e+01
  -1.0726061e+02   3.7991204e+01
  -1.0726047e+02   3.7991273e+01
  -1.0726034e+02   3.7991338e+01
  -1.0726017e+02   3.7991451e+01
  -1.0725994e+02   3.7991556e+01
  -1.0725979e+02   3.7991613e+01
  -1.0725968e+02   3.7991665e+01
  -1.0725949e+02   3.7991719e+01
  -1.0725928e+02   3.7991776e+01
  -1.0725905e+02   3.7991853e+01
  -1.0725872e+02   3.7991963e+01
  -1.0725851e+02   3.7992046e+01
  -1.0725823e+02   3.7992170e+01
  -1.0725799e+02   3.7992282e+01
  -1.0725779e+02   3.7992364e+01
  -1.0725748e+02   3.7992480e+01
  -1.0725729e+02   3.7992600e+01
  -1.0725711e+02   3.7992682e+01
  -1.0725693e+02   3.7992805e+01
  -1.0725673e+02   3.7992944e+01
  -1.0725656e+02   3.7993060e+01
  -1.0725639e+02   3.7993189e+01
  -1.0725627e+02   3.7993314e+01
  -1.0725619e+02   3.7993397e+01
  -1.0725612e+02   3.7993467e+01
  -1.0725568e+02   3.7993467e+01
  -1.0725532e+02   3.7993411e+01
  -1.0725499e+02   3.7993280e+01
  -1.0725483e+02   3.7993264e+01
             NaN             NaN
