dip
64.7367481533333
95.323333348902
18.3085859122774
83.1704777630014
35.800541531999
42.5518601905741
32.7196302114852
73.7748192344244
16.4107075641924
20.1013168703077
33.368091365709
53.852333122186
20.1000300391548
27.0339728221734
12.3408421758289
38.6117241116474
23.9034661202169
35.8046577003318
63.5371239412587
47.396501069665
43.4102268541336
38.9929719385705
69.4459408666461
24.0652930584244
15.6124591901417
52.5102659954863
5.40883389737943
35.5953028374217
44.1936168458531
42.3868550580776
45.2686659753838
17.3865057226321
24.4913030091193
47.4483761041532
35.14563827987
50.9849203039933
28.8670434845556
12.7849839229283
66.8969933561461
22.3594231652354
46.8646668998952
50.6447634597715
21.0128634052591
33.0275961876115
60.6584196272032
7.06818774119762
26.0324700831774
12.4582427914439
50.0730325753771
17.1406285159423
48.235143700066
53.7507645647656
9.78240288670483
28.5548449617059
79.9814409715066
30.0745832626662
16.4316174814994
59.5215902238588
19.8633668809865
51.5656436867195
54.5934347370229
64.2329202060088
12.9150170759304
43.2658064383541
48.3665985374293
41.1173426302635
58.3738249820373
36.7827999844489
54.9634384728559
34.9894974336063
24.4050983870817
64.3378590796213
50.9524491027523
60.563559823314
28.7840199694478
53.0932302832666
22.6079933074655
24.861224973137
61.8048580060298
49.4564266038118
11.0784602878432
64.3510004767328
26.0991148005902
36.4371120349076
46.5567174904254
32.5166559130693
25.3166328862069
37.4605142137316
23.6819452789692
46.4596190324814
64.7969448981868
15.6953715440462
39.4080877632713
32.5518486339579
23.9612267749153
64.9435411385203
63.9058622048077
40.3625656225334
13.4748551110978
65.8554307361319
