x2,x3,dip,stressdrop_MPa
9014.28612819832,10297.1180001888,74.81872794432,0.172292750651842
4639.8788362281,16586.9708816518,114.375274831262,0.361762912435007
1973.16968394073,13913.2728417817,74.9727719909704,1.20539232283818
-6879.62719115127,15325.6618093675,76.3169835677179,0.267607040785792
-6880.10959327595,12517.8839675036,105.563895745078,0.625353641896514
-8838.32775663601,13154.2547258392,86.9843905470324,0.136094772238335
7323.5229154987,16135.7173797411,106.602633417311,0.208613285982978
4161.45155592091,9300.07430921967,89.2542716204031,0.856164833884903
9398.19704323988,18766.6921519363,63.7591922073213,0.390979147403459
6648.85281600844,17938.1274540457,114.386247200665,0.197729600250976
-6363.50065585799,13406.9282777981,91.945240936513,0.513936053343426
-6331.90980293132,17580.7180308976,84.6657361560424,0.388811321075199
495.128632644757,10791.9593805,113.990000741236,2.12465151231731
-1361.09962715768,17395.2776541728,61.3094038065294,0.564187870019666
2237.05789444759,13251.98507769,117.803666052813,0.823554253998021
-4157.10702929564,17564.5277121541,116.209347721986,0.660313152972586
-2672.76313412617,18451.106658142,63.1354727571614,0.435323946092966
-878.600315659281,17942.0632931552,85.1275991444497,0.666956424025754
5703.51922786027,9011.07011649181,75.6094674577231,0.594655305982847
-6006.52435683281,16379.810368797,103.849257898844,0.592673985913642
284.688768272232,16047.4385721663,118.877825429835,0.756439190365421
1848.29137724085,6063.90899162186,75.3918037466549,0.480443648300297
-9070.99174560005,15750.3940088629,99.2504760884445,0.331733619893678
-6589.51752625417,11330.127691159,93.9198152742966,0.425696201143898
6167.94696232922,13230.4867416847,80.9703823252091,0.644575798603434
-7559.23530310442,10251.3345551314,111.036963470468,0.488601602985133
-96.4617977745966,15024.7401319403,93.6733672969515,1.03661061877995
8186.40804157564,11892.9361523032,66.8861323121531,0.523342937467557
-4824.40036799966,16834.5772164876,111.608381600966,0.679419472651859
3250.44568707964,11702.4005754638,103.368858192509,0.969716161237633
401.360423556216,464.614849574222,102.470105833786,30.8820870601634
934.205586865593,16532.8786041177,92.6122930405588,0.808240569958704
9391.69255529117,16620.3317809998,87.4980384917194,0.256784867376722
5502.65646722229,10050.805546517,89.0817772278028,0.462718212161895
8789.97883128378,17843.286271745,69.9464724097965,0.408319731321845
7896.54700855298,15177.8814796996,116.741888820017,0.0122246230760054
1957.9995762217,18961.7481001334,110.99852228884,0.489800804450874
-8230.14995896161,14577.5774896914,87.7377336600364,0.26209778414194
-3493.39338473471,11923.603801149,92.7259121644143,1.2064806866393
-2226.45420621036,16600.8651695404,63.7363863529131,0.570794614912616
-4573.01936452208,18698.5859147866,90.7501589262199,0.495890160190951
6574.75018303859,14598.1948634258,108.38421703397,0.220010361895657
-2864.93346612821,7938.56886117934,87.5543926558175,1.19555637486765
853.921663164969,14015.0637301889,107.176691963042,1.10125019714872
4137.14687695234,18767.7254049846,112.774911297092,0.365414551016169
5425.40693371891,7303.20629603395,74.3277726828924,0.104070463206381
-8519.10696531819,12914.2983711683,87.0743606508593,0.152725014390978
-7682.61880949741,18050.2624950543,106.320748578599,0.4409242436495
7262.06851751187,14941.5552738955,61.6300452735336,0.651562058697122
-3382.03950294702,7935.03473991364,87.83588260874,0.649547233370578
-8728.83299427953,16704.2478436811,114.553212351694,0.46160640205173
-3780.35356568676,17950.9084235368,92.3221078771628,0.58192136332639
-3496.33355946506,8881.62871374752,89.8687504820574,1.15155027238062
4592.12356676128,11655.8163950034,66.3284219973978,1.26326141118092
7744.25485152653,18833.2038966026,109.326189636014,0.182254480004743
-7608.11508123397,17912.9037085674,106.53671105552,0.449839219264207
4264.8957444599,12344.286330855,117.868599234049,0.324751455955962
5215.70097233795,11547.9991026983,72.2259875476613,1.01703812344879
1225.54395138993,9742.08170931366,91.3997778716845,2.98290998985601
-9491.6174651181,14813.1049977683,107.874849576954,0.37391190845729
2728.20822527561,18413.9499726754,91.9817320347684,0.581791514280915
-3712.88037847347,16792.9318143051,69.4772893701209,0.482475349611012
171.413823294055,17628.293380709,101.753947090128,0.692393040560236
8151.32947852186,18904.2486302823,107.595681026295,0.175579889652846
-1792.3415392874,7529.59835915052,111.430755419925,5.14805206576472
5111.02277086097,14407.5310383777,114.368595285946,0.310727435592699
-5424.03669016755,13225.3917430221,76.6142692426685,0.416870824813832
-4204.97094172464,15501.8293748217,68.4426916829255,0.464326150790419
2668.07513020847,11266.8587619924,99.2575531394977,1.34177163825111
7429.21180375436,11022.6379489184,69.1262569933364,0.569349264410387
-6268.59882227928,16672.7563899772,96.9178815041881,0.512463822282118
6148.80310328125,16887.2135175106,108.216212126492,0.29239473085996
7921.82599846986,18158.3784663653,90.3124064145983,0.320457294465844
-3639.93050056272,16381.4247280436,118.02759691555,0.782791042359976
-7798.96150944646,15381.8054197727,85.065658756506,0.286061342525139
-5441.29674916117,12450.5976321414,119.04661914219,1.05484374369825
-1457.84422747487,10467.2900415736,100.075199928218,2.53076229433488
7214.61166512687,7761.61104834328,69.9572937177471,0.0740864557217396
-1651.77993702442,13745.9821600831,69.7340043469488,0.999008477912991
375.812434867323,16173.9313669266,64.7643950785818,0.8048733714425
4060.37917790356,9408.78401326551,103.889789420422,0.356818304806123
-2727.40795241412,9132.14496920631,71.2447166458549,0.967038494495288
9248.94589884222,15669.9383525778,109.143810831699,0.0316580589192028
-55.0298821522902,12883.3068986222,102.614567917399,1.49833757465758
-3982.43380366461,10749.90731592,78.8610067910249,0.745209374790887
-9262.26105290934,16694.969740748,109.298213862628,0.395297740901371
2191.28667959794,15152.0944105316,87.5559118303928,0.9368327294551
53.5804645772296,12511.5848585101,81.4678959195265,1.64005392187391
-8970.42497500021,16162.0528527906,89.652746835018,0.253592759136192
-4427.07071526777,16479.5898182362,109.694955146233,0.722480519100954
8165.31771933307,13459.8965575857,80.1124828422524,0.390764614235303
-5208.76218666055,15904.2532389098,70.4256955881446,0.368724513100363
-7102.10255817554,13252.9577717164,102.720841219847,0.556361768690683
-210.94479444874,12923.6746634457,109.558692762485,1.45117317757298
9713.00908221201,11754.6161860885,66.038248711412,0.345221090461495
-5158.89456976999,14302.6161515952,74.3924467653567,0.436238082559356
5232.39230657435,16737.5444247796,80.87648469493,0.601286475195962
-5247.24912015201,16566.0270271594,87.0210587343248,0.518807064828707
-2644.33734561494,15691.5182607305,99.0688550929004,0.867612894471073
715.493681495169,14127.6568695405,110.486853185086,1.06452781407346
6706.04991178476,15542.3734582622,118.746296280909,0.100908192403857
-3584.39870056528,15811.5493811971,98.0485282977442,0.785456439044975
3551.28723684565,11722.6114491391,101.179631801166,0.917010310916823
-9668.24342144288,18643.537382521,64.1784688897444,0.0368021931160223
241.86116598562,12005.4570133167,70.4928862305576,1.77625244072044
2903.455808189,12047.1083588926,73.6307734214109,1.5276831750505
-6512.67141990017,10260.7222146013,110.222467514576,0.697044733711235
3818.75476204932,14818.0625078717,76.7565653072646,0.897442404702935
8734.59977473469,14460.5301475385,101.64903441059,0.100458910574516
-7249.58111708014,10285.0649948461,90.7592851887032,0.112352618716933
-3178.67297899483,18297.8480733209,78.3186406018039,0.518356960445048
8493.87236557126,12020.815969545,61.9913612737456,0.552123805469216
7546.78706761962,17709.5340046903,78.2367840744434,0.430957092548224
3199.68092068358,17808.3412574926,116.298289106909,0.430231859661081
6344.44400402432,13070.8287237155,112.272268935783,0.105933174400859
-5162.95418199097,13456.2696842604,99.8990942085597,0.81036940224121
2662.02914546536,11798.3948375821,93.6264378588264,1.36912164467066
-3015.80850774678,16560.1993168951,86.8233326283855,0.695204361271105
4519.11357740479,18497.2904143705,87.6214962721156,0.515934281242416
7942.20519905154,18409.6792504281,111.87381657136,0.147403938787646
7741.72848530234,14244.3848031156,92.7988932112673,0.293693334504365
2840.63292308576,14408.0007226514,118.60801971064,0.603370047097712
2128.5811931918,9285.22061768865,104.394247246016,1.8384126909638
-9816.05896766741,14638.7409383481,115.084593131949,0.412747141718744
-7970.56914267936,12983.6121555236,76.8022397730294,0.0576543871445723
-6783.83897165003,18946.3655029965,114.646209698635,0.484774296255767
974.675787331722,8098.44474248349,105.237714215807,4.52414334849068
-5514.6138107888,15102.3814262487,117.768621424442,0.793844508754391
4243.58442695072,13180.9622898483,103.600259524219,0.638773502700369
4929.82810236048,12930.4867394195,76.8912719048958,0.9259730681339
2992.65798094429,12436.7130713416,112.365230373968,0.801385358561438
3152.25784600687,18067.4076827578,102.221158647648,0.52871436696678
-2645.68393881133,17929.7024831844,74.5136296955303,0.545001126413058
-5120.20713241833,12132.9930056176,88.1260779278703,0.669689294077868
7840.93110354227,18696.5753112367,77.834268462517,0.394773885955567
2622.77251994526,7778.34611998582,77.9951466904191,2.46807761854747
5896.22607083297,16988.8848699036,104.591591923896,0.348260916574104
-149.646123622722,592.547574805716,111.135832463471,38.563473817032
-6095.14024403911,12382.6696821418,100.068280993584,0.678224151609109
-4384.55275118288,16423.8067469531,113.538149888379,0.740858710017814
2909.44591814336,18396.6751303797,64.7381497314497,0.619940644950525
8809.17168705829,16504.8401911566,107.674696722011,0.101433372845098
9078.57154005175,14756.3402030431,62.080216003589,0.494650024546017
8297.28780440897,14648.515048237,94.9684101050094,0.225630579160519
-2596.82599489111,16051.8813342209,119.726250971479,0.841022201119243
-9690.86766942265,14460.455827917,111.341765630252,0.387995737447599
8566.37125175451,11899.1861109969,91.2867413426154,0.0967030368944996
9272.39954178506,17497.1091084981,95.9387104906326,0.20036713965315
7060.1891093472,11717.355975894,66.895979823574,0.698561755421134
-4111.02215860829,15135.2085285473,65.6314370894014,0.447960544832972
-2298.0454279615,9149.92467873845,114.577609166196,3.16843742114948
-6610.14506627815,13026.7404573505,112.738734016936,0.754461023402133
1136.025249167,8176.81200308979,94.3063411228993,4.74618507443502
3920.59593349946,9341.2963880873,85.8256446192594,1.1371522729345
-8056.47012458463,11058.4566363736,86.0757576515227,0.0168480779357604
9801.07700208527,15154.6229121066,96.1154058609079,0.117133787629022
366.593047274735,8650.18283255422,86.6028008627513,5.29803328624172
4049.68167974219,9119.83785962535,102.158026385131,0.329570220523804
-2810.1769756049,11401.3904142668,74.2460081024884,1.10073665482437
6187.22310957027,13205.6558364043,66.2534881685009,0.821500611115132
6202.26789358362,16343.3255465949,83.0706796586888,0.529103349065565
7341.44637160207,14818.1687889736,89.2600241172759,0.387344243329602
226.847977218757,9130.63199789875,117.031863155172,3.6886517945656
2999.2786155553,18747.5892720758,90.3759635697122,0.556766099460769
5915.85338872202,9479.87491557577,64.2559329680264,0.924303201656705
7800.10683635133,11745.9589520443,75.2634948505108,0.444708195207134
-3240.09686296928,13347.834440338,81.7111855923083,0.92288261990706
-2488.34094720112,10634.3249862514,88.3496013003908,1.74603021899182
1565.60281992348,6203.76485663585,68.4014458531991,3.41747792438781
852.892694151533,6662.91169297443,79.880820426183,10.7760276478802
6452.01121319316,10784.2761169696,72.4195547063056,0.693830991414659
-2796.18717177474,13100.834413608,90.9943577067587,1.16627308501323
-7458.7897469623,15212.1472830726,60.3303479496252,0.0110231978172144
2457.80951638,12093.1747413291,66.4815452478415,1.64690907746316
-8293.05070012464,13424.0388032511,80.3316389603251,0.109102949603357
627.092631362961,17789.0326786301,94.322918602158,0.686341552740591
812.70243220213,988.454389377976,90.760063557385,2.41711139689112
2748.59802996413,10285.6303707203,77.6093293924873,2.04026680229583
4521.82667445323,13473.1498695674,115.905223165969,0.359893363645539
9517.04158925069,16549.4133511756,83.8209024742315,0.27977811373719
326.006966023906,13568.6517105161,65.2255660077463,1.24634773801537
-3540.87054117508,15233.833578326,97.0239909670681,0.839845172663743
-4583.35497475852,15482.6771611837,80.7133885681015,0.5654410534641
-8430.87237315468,17002.51646515,112.453351481111,0.460303112449422
9252.9682935585,15529.6576292874,102.1355259619,0.101035738010249
3919.48412187396,12228.976208734,67.8893471938789,1.32009883555733
-1820.9411117146,10002.6505577862,76.4838915311712,2.00134847360322
-6534.11359858308,13901.2009133513,83.6745645358588,0.377530024597516
3203.94753435463,16564.8877652518,96.4743128454422,0.658863003863339
9097.30561326388,18542.4398605635,109.427423053278,0.111383596514902
2234.41492468705,15005.2716357071,60.0939063114884,0.989474792946051
-1607.9987514442,12516.4477345166,98.1840822110044,1.56581903480216
-2880.54642697477,10552.907467815,75.4564332200233,1.16262791516759
5156.92220928738,13665.833787173,63.5714820208663,0.956258984519599
-7678.54718986168,18931.3444050781,101.195394809556,0.391984884834371
-9079.94715956494,18522.0700807889,66.8692582839543,0.0817180990756765
4073.15718760047,12925.3366061945,82.143181305655,1.0250565534052
-530.564584388687,8790.83617804701,64.2604598719953,3.84284240848076
-6535.9626017997,16498.1776027592,64.8108008449142,0.182907047327943
-1322.96701524054,13817.2123255599,81.2862775101591,1.16052772243885
-2029.90531205253,14112.4239027996,116.503542697136,1.16061759466702
2317.00196104433,8085.37335451343,100.114358803375,1.5709630285982
-2507.74770747058,18766.3417109851,95.6196474725123,0.588655041681294
62.7251716017545,16474.5984263265,98.1657627845725,0.822732657072017
3173.8726323789,8334.69296460222,96.7544081006891,0.846419233203002
-6741.31145837141,13780.8955478876,112.421915607981,0.706291591288831
-8588.6250519914,9247.70988706935,103.438383327966,0.0469777151616726
2848.38556412631,16596.0415235516,67.2335049842214,0.782143603083251
-9469.77378916756,17114.3354162139,114.147198437151,0.408335901128391
1715.51162546927,8013.69761059565,63.9866306613465,5.13720801979337
1509.48355751758,11255.6562432739,68.5282274276075,2.12287065078511
-2236.60147586956,17335.9035667171,60.7023966438542,0.498316236478773
-834.942190169668,11837.3650877062,77.7024424592494,1.74575011584674
912.335786318699,12000.6441817579,89.1600296278562,1.79550905142732
8829.2961755305,13930.1474258903,94.631993204073,0.15623226996249
9223.81127647829,13601.6743289597,67.3801977074247,0.432973801459013
8107.01283912127,17272.6178926472,93.5185437870255,0.288588140365478
-7984.43997245147,18457.5067867912,99.1374989155164,0.375394427639982
-8111.14078488143,16234.316774022,101.549569600154,0.419978578878654
3660.13546832714,9354.27927251266,85.7958646434089,1.30896212577386
-3620.48739412477,16545.2481241777,76.5228704553251,0.568800079359136
6897.50621938909,8461.79984505064,78.3788099266928,0.0718680987067555
-9534.56128528348,9782.52972466411,107.339109595248,0.100344063363304
-4362.904504532,11267.0661772636,107.902820431101,1.28492088549962
2578.85693559768,18419.8341243705,114.998114150472,0.45665879117494
4701.42087607771,12478.9966262846,79.1320090992683,0.97509947020643
-4359.30854857387,14696.9893880454,82.2703454062577,0.64698637550537
5012.29503281717,18427.5998564924,102.335151758629,0.400358918739017
5528.25921483994,9876.70502256434,68.5556486449145,0.985320012458875
-3183.92919493964,6404.06035219444,113.405822111028,0.907701028746283
8615.14651207129,15749.7839517696,80.7526476442714,0.365395829996658
7168.25503686024,8187.86294957431,69.2675848333994,0.21295189633221
5017.42135582995,11726.7547454766,98.749343177189,0.536273740346058
5090.85748169365,13429.7671208235,98.2141390472846,0.56447932702436
105.047448957142,697.757111737316,84.5777336937139,59.0769709287769
6529.14932215483,13992.6382862472,78.6730497038036,0.608368498817993
-3599.00797938776,12613.2860248143,100.627238384101,1.19831157032078
-2215.96642531674,16040.2385304147,81.8756236918524,0.76834274363189
-9783.24697039403,15308.732906051,73.0735532552994,0.00948963387007401
-8174.26646427733,16498.1543297519,87.2400972717669,0.289130586244194
2636.74424339599,10093.2210320196,90.327307074627,1.82391597282378
-1031.0895604336,17796.5081536043,117.841044427062,0.649347153844164
3450.36912154077,8592.78153738527,61.8573474551606,2.34978506343818
5047.4905887536,17744.6253330302,83.2792055968122,0.546953744490638
5792.36285589108,9638.46136507946,61.4011257796912,1.05046520741458
-8848.82479966711,18746.9723362181,77.3546863183593,0.178760347187062
990.57764647471,18338.2552322849,114.004990980989,0.553896425569885
-1169.38997253246,94.8596377537827,66.9683376120315,9.70507667665856
7754.083655166,18085.4239230415,117.355129737319,0.10494248648923
-2981.69974895843,12144.2788184945,78.8380030426412,1.06788534969989
-7658.65967144788,16491.4475958804,113.304220338521,0.528829646258625
2364.36126632522,9289.08502488148,119.040789792628,0.813060187824233
-7977.5464775442,12671.420893376,77.3043262691247,0.0396254737499205
6437.20118580712,13389.9344919963,80.4232262552704,0.609067752943358
-8303.24571829616,18429.3288760381,93.2226891214807,0.321787342815881
-2514.58408487759,12780.4402462774,105.714108756292,1.4095676627716
-2587.15705866218,8432.25416678685,110.018997716255,3.03913382134843
6255.99134515005,16495.7028331726,86.4264810187454,0.492920660247303
9720.02127645742,13160.8930922971,75.5600938390257,0.283966307931714
5067.56370517883,15925.1905033141,71.6774302022923,0.717794073804113
-2474.80828938168,17948.6701700064,63.4588549319415,0.473483075629769
-8329.98566602663,12982.7125375033,80.5468787300828,0.0793816147893955
5542.93831854873,9447.32051616012,76.214861527847,0.719066488310256
1168.0849947161,11740.0975638231,117.985043151984,1.38933005739637
-1515.55981506047,16510.1947050956,93.4625295750026,0.807484353693896
8127.08770189472,10842.5851861378,80.8366223418304,0.229065167029189
-147.497914182817,17689.0252146326,68.3518020807417,0.650277918375167
-9772.92710465162,13102.0082695997,86.6426249521322,0.0533732113111187
-626.787160117474,12854.7543297677,97.5740592852638,1.53298871448315
-7623.64167463856,12519.8239344205,84.1067280392595,0.178025847274218
-7649.4750644579,7484.42370742901,119.630903333982,0.207615226502958
2984.20604232127,12374.4265637883,112.818885728936,0.797288201969369
1667.37530194319,12500.0607874577,94.162641670937,1.45572126353669
9243.45096949084,18989.8607896427,97.239628789475,0.201312227079383
-4285.75827436279,18567.309500205,83.7082645958591,0.477747098698282
7371.98256378921,7732.25125373454,62.367571973454,0.257774210343854
-5528.08322961095,16545.3155564079,88.5327622492096,0.508897988429002
9264.45078881223,14866.3241971072,92.5814750374598,0.182254211711839
-9136.80176098848,16692.7956647256,114.567276656235,0.437131484277155
554.022181725997,6214.63006970153,92.0031977259218,8.01731383157041
-8524.06870529202,15350.0728968839,67.8391406294078,0.0304454057336719
1077.08568802642,14484.4175607557,107.430587656493,0.993372024303098
9386.05071238198,15159.4593283141,67.4892488380109,0.423244976012628
461.956883402976,8277.08298144573,107.652639752964,5.40590087657953
2587.97276270525,15539.8501073254,76.5460540950814,0.903003114033478
-909.178704644535,10346.2928612561,116.642525629524,2.74512305826971
-4380.73620815539,13214.8769271074,111.812851350873,1.08362135000316
2402.65195603074,7092.78404095746,72.1933854651652,2.79540898087443
-726.031901200357,11466.5232742462,90.6765277320451,2.05670916530568
-2932.95543947894,12697.0431725453,89.5395288000709,1.18654370668288
1673.12223701744,11771.3165741827,94.6367417539879,1.6633835469334
-8445.3072607003,8807.38683221088,111.934628737473,0.174339267841073
9724.21488959206,16404.3393418647,84.455052514429,0.260677430298897
3963.2342803949,9863.55391758814,109.651135326378,0.31520782951712
721.927326882407,9105.45567496489,105.871667679283,3.62466817488996
3694.62345107758,7224.71675693128,72.0284709317042,1.04794791458027
6450.74485846338,10139.4483878107,86.3489889980249,0.306286777627364
4514.3901677672,14533.7819693004,113.585412311725,0.410266476766796
2268.3039187158,15447.7290356058,63.7474556171443,0.931015285097733
-1635.13927418762,13645.3384483034,113.007885779164,1.27774532979025
8654.56966708026,18155.9502231438,86.8991433221653,0.304711676750833
-2470.73266243901,12303.0195689375,61.1469656657858,0.821580675938256
6211.06661563666,17063.5804300498,88.610608099069,0.462570674558477
-6991.66217792944,17614.6563511298,103.362417461894,0.475648006895215
-2382.18286737957,17755.2845093048,68.0661077644873,0.525953596679097
9932.73674147811,13607.8628102407,77.6771637807716,0.257275487345945
-5053.03796513605,12942.2392253347,68.5710172380503,0.3251401408326
-7416.8116969701,9979.10428967414,106.135366926458,0.381545115771863
9081.02054517445,13472.8789727262,99.5124309402033,0.0471315242637122
-5427.14388993075,10779.9321729492,110.755286380664,1.03204542735465
2362.56480915792,18296.610629514,65.3162828381807,0.631152598218618
-2836.74563934319,9188.36728767857,89.2576685800327,1.75290410432739
-7728.84815600742,15314.858445728,64.6589600802963,0.0487380143200833
3431.46391185599,10455.304300969,84.4525818619458,1.47688374887828
406.154018075866,825.838124241564,84.4263893475377,16.8147021013223
5446.36783471279,12030.8761362864,63.9605906484145,1.05538479689957
403.270022239867,18077.6635019265,80.9292320381688,0.666526396080154
7043.6300063708,11431.6245827803,66.6598859274789,0.699845695632714
1038.13677548971,15565.588329109,108.494112600553,0.837612927801269
1218.75943070773,16800.9228036197,116.861281557868,0.633254985011563
-7319.69543098719,11609.6387881688,91.3545959602047,0.273584748229617
5102.74511347238,15958.3647544677,64.6117245165698,0.743987338344826
2406.19102706929,17101.4393445622,90.0374560842251,0.701703708845704
-7272.5704882646,14830.9847896334,63.0135606878384,0.0421931457714224
-2988.24882386806,15630.6720517599,84.1723969579582,0.758618853992725
1798.35373709266,8052.02681932649,77.7174296428766,4.22847697169292
-2155.11909800535,12684.4480865379,73.9430593833629,1.13013169161181
-3034.89065953399,8584.58589600735,115.753683217911,2.68671794849321
279.789783196216,11146.560800334,84.306161671654,2.28249438785222
-2069.1443535746,14001.6011539395,79.2897420748729,1.01085270520597
2441.73400455747,16394.1444733213,88.5862191806275,0.771687104167692
8531.75250322989,12198.4585084221,96.2095857626027,0.047440125521815
-157.674138409237,11535.7866856868,81.4688450468129,2.03432282997084
-4835.11223402083,10388.2508415673,98.8690467594317,0.948805761547275
-147.638120142608,11296.0503685373,90.1850370467902,2.19795920971397
-3424.96779424984,9439.57031832422,86.9609845223785,1.19572352962573
2668.01708633452,18768.9248840829,95.1518873072112,0.549450132462142
-6961.94612975411,13635.3575475053,102.837157950395,0.575422611147638
-7223.4565470118,13157.286875163,109.352087663052,0.623562970660799
2817.49489606429,18834.8638803416,108.237510453151,0.470441343094875
7935.76819812024,13763.4375254461,68.5725576803647,0.554062065392043
-520.767194742553,10990.3514231218,106.520769024188,2.34322825459106
-9182.62767467042,16990.6266186182,68.0297017799816,0.0520318892737182
-784.424639345485,9863.13602725714,90.6677483542338,3.16751526604753
-2714.60277903849,15207.7736486249,76.570173469254,0.756404565534902
3807.89657258731,10261.2263774857,63.761377297312,1.79550876237882
-9213.75720317802,16722.5026636677,110.36030954136,0.405083515641673
5988.20797818085,12367.6700118967,60.229195359515,0.968836291619796
2558.00778981816,10127.1979444754,74.8094321521141,2.26321019236698
8417.44801063626,12721.2521487656,66.1135432839608,0.522571329904388
-8778.44080290273,18889.6478632022,81.6140351280257,0.214532332573377
-4462.44703705593,12575.9446071382,76.2235971830715,0.592049032178981
4965.19380767317,13883.3596945457,78.8008750551086,0.827719797248602
-6309.57961287245,8839.90663339064,107.33594830656,0.462791443472477
-2590.55794417236,10684.6395016803,86.0290451745918,1.62043490943283
-309.540296179573,18195.8804056022,114.596588631264,0.610944779147753
-2621.72720860455,13111.0929255926,117.844704989406,1.35367873557631
4949.41876267513,10181.7260049885,101.221155990195,0.299396198115337
4266.99171769105,14368.1032490097,97.9627127249161,0.673963007137563
233.548842313323,12634.3227652571,60.2617961790185,1.43726321678087
642.269705306313,15114.5492550049,70.0171853248319,0.989202878884454
-7856.55977320448,17617.3785701096,102.782763038059,0.42142177193657
652.345329100463,7588.00240037685,117.962850307721,5.37157351086592
-4615.13538101238,18858.1865410091,117.04636246388,0.560913585649343
-2454.31673790755,17614.0183905616,102.152430092088,0.688305038767777
-3558.41668833643,15999.632593152,66.3218953350514,0.496564098453314
-5771.03986006911,9899.2015681688,106.909431800696,0.791906623718272
-3450.05295644171,11849.1280720524,98.648953288555,1.32967262952832
7810.5456147979,14351.1379894394,81.6030279540587,0.424115089041825
3582.04638288979,15696.284974798,90.0240687426121,0.742926668889923
5783.42477214677,14859.5336657373,85.9637481611823,0.594902277127593
-31.1560214188539,13467.1492571166,87.4619763095576,1.36309923662648
4908.7894836866,6843.59174195886,63.1413012112483,0.52412951624056
-7448.39394408872,17803.1986375902,84.9902659142327,0.315692225030344
-4324.48188402551,10523.2425735351,109.330793208985,1.39778611971742
2918.34482663202,7543.64882441139,72.7196432819195,2.19625801473924
1415.56609337824,8497.84826959188,99.4412089302077,3.44695921854018
-2878.06548204308,11412.2923338517,88.3369082497789,1.4052351538841
2115.49638713774,17469.4474910739,72.9444407505872,0.710086234736716
-5255.46416528011,9443.30617521078,100.668792018603,0.728725672539072
-7964.35054759192,18852.0022816429,96.4651273351633,0.353614830717209
-6942.81721631336,16178.0741971568,77.71808865431,0.28748552272844
-6786.37253480889,17682.3090782344,99.0983856286366,0.460114026863286
-4298.09662612306,15532.5444613326,78.937640625801,0.576113524783176
7935.3084925285,16682.5120884563,83.7078544566902,0.384854943299512
-8395.32508676716,16494.0771120416,102.792412996957,0.406483936731201
490.227791405094,15313.5826022348,71.9529164936432,0.961465086058517
-1792.06346020677,15011.5782898342,113.41290015817,1.0078632505571
-2042.88801908517,7657.62339653807,63.485517124821,0.106672147187199
7310.14251787961,13205.0706891468,90.9517141627397,0.334681217638685
-4841.9434591012,18537.5938163384,110.128813544532,0.563569090834725
3372.86439848862,15628.1307090529,82.7456429203162,0.815398484903647
1135.2578602786,16379.2751631798,61.1596578550561,0.789376968136609
1432.253789398,17533.3866197545,67.4621039400306,0.697630799972133
-4400.41812679432,9255.17645755978,84.8185604951181,0.490193433865962
5389.85866383874,11519.8058172686,89.5718750668468,0.633550280990583
-6259.12502884953,14532.3862171569,84.2573848352921,0.427178841735394
-1491.27122767166,9549.75545280541,95.7079004943409,3.11524615233362
152.2075736891,7575.59752767395,60.5954292676701,9.19575488150685
-7703.26350521593,6984.1540235391,117.809954453255,0.0199558204568295
-6912.74569451595,18300.1871201943,106.439482689166,0.472923004588077
-377.19796290365,10442.0611820053,106.375288912567,2.73126010378408
651.788651031717,18351.6210619112,91.2777628592483,0.643575176377209
-8963.52926355146,8218.45968827251,118.560829396753,0.160633082961135
-3552.92310050554,12176.6999791139,67.2124337472346,0.632797235614867
-4907.18690472472,11773.1711430588,61.0531418019977,0.0870072978301001
3630.05444447858,12354.8207555649,77.5985166468339,1.25374977508727
-568.476228996833,14835.4701353004,80.8857355900973,1.03386071003711
-1763.18171705463,8737.20805161708,82.3043576943798,2.79796735655397
8590.58288495652,18903.4600262256,77.9880316539141,0.354751289527648
-7514.05553028911,18690.8995800049,110.823649619034,0.450993803430977
1489.46226359824,13152.0654921885,83.8803175772702,1.39014451941062
5905.3462371978,18938.2402232066,73.6941218096219,0.492548148929906
-5967.45359904511,15466.4351206144,74.7962180986815,0.343006122687026
-6726.88114268591,11690.1693263892,89.0446241826121,0.333137766275926
6291.49440462764,11855.0208895411,88.4285897038768,0.474376739124415
3303.944413924,10014.7878143214,63.4706669668296,2.11091359312045
461.308495382387,8096.58429391706,117.467388059292,5.15873341064077
7544.01081626217,16846.4800895689,107.111372588905,0.197558231868046
-2151.09785154729,8546.90832760513,119.479674093853,3.919876943803
-1217.30182859563,6988.4276666685,117.766101015192,9.0782128498142
-746.404286607871,15724.2200157706,81.9408448956823,0.896550046802779
-3972.44251671716,13939.6732306666,73.522876080406,0.619361677373987
4952.18760352502,14617.7929791855,71.7499850480562,0.832603849702822
54.4078018495838,210.594024144297,68.4481769335606,30.7632736751116
-5355.74609706365,7907.92596541547,97.3448184939598,0.0767555971812173
-2322.17557253577,365.653259638077,94.6979039652216,0.0309861585880005
8129.44221929094,14446.5066393206,108.667426196008,0.0590014225512232
-7214.55854673225,18542.601343291,115.049150587919,0.484954327963381
5880.50378540592,15230.2051257768,77.4302703402852,0.650013804308315
2401.45511857027,18232.9562420996,88.1992960894762,0.619084427944536
669.22183952643,9270.22683460089,113.408468243761,3.18418989510199
5771.94422449061,10412.2302905002,63.7321935698822,1.03686312433453
-3765.55864408904,16043.7845720527,60.470495446315,0.402129200177789
4878.92585145354,9277.58160341379,86.8604055246251,0.593020253353108
5249.17371481381,14010.7844703682,91.7795834367372,0.622772594527424
7535.31273523499,9045.34445800656,74.5135976467733,0.197821746763793
-3158.36502568185,7142.87741776962,90.0362142692825,0.143565060131261
6929.04583469037,14916.3143329041,76.4822289028735,0.563530623865938
-7450.22675336035,16950.6090898645,108.41792945304,0.498453603467625
-2054.25418879265,18152.3590435746,87.5798922241597,0.623425165998185
5945.90731559107,14952.1643388506,92.7946285219377,0.497562816524923
-5414.97209534717,13075.5594156443,62.6339965585803,0.153600545583908
4445.05136786133,8315.45935705245,69.9449867892094,1.1935833322496
2822.95265770595,15977.5600090925,72.5511279244757,0.847141516473442
854.488866951924,17134.477850573,110.618979843109,0.672326476287089
-4964.01882186094,8769.07182786995,118.871551749847,1.31889645912187
-3086.08012992161,12107.8280593573,107.588572439804,1.48366580413609
-6368.04566397149,12528.7245219099,111.22709530228,0.78990643756381
8169.01122667257,17008.2370734242,74.5186278190227,0.432570975826721
1667.83589532241,12097.7239611769,117.637618530792,1.14238592685157
-1982.9716647272,11665.7381104412,71.8155422672057,1.33055687132668
1724.59664033595,14012.2416057082,118.868623907509,0.827199081325307
117.773577689321,9733.21649544081,94.1723867740262,3.47002390599189
2229.08470869296,12925.3278049587,75.5725069905654,1.40500719345617
8642.36564967225,13611.144373191,64.3848937216209,0.521997710186646
4144.77268626797,18174.5265676901,107.555706977303,0.423747394702636
-6949.21914171477,14013.6588297211,114.473927626777,0.691616346511755
-1517.38657395228,6645.36136517114,91.2875783232883,2.51913569912618
4728.88471249446,14719.4170924425,118.63847447949,0.303125125956382
9696.82397924669,12546.7516743254,74.840418949145,0.269312931400585
6777.96172891868,14524.080582213,98.4369110129333,0.330786061561427
376.761142521442,18390.3406620556,106.297614658716,0.609680960164748
-2019.9459225974,14616.2398089245,60.7261870065664,0.711053000501791
-3330.01656617712,11686.2463927385,98.0618213323012,1.38379437989537
-2036.62612818113,14719.041832118,73.3245522415992,0.855180453271863
747.912058758458,12235.1808172815,79.3001993795729,1.74358768685282
-3060.93596207545,18402.2867742933,65.7239566387926,0.433010631128205
4750.02496219497,15176.5696414369,85.722121259186,0.699176276957343
-5507.90354120036,18620.4362578182,88.8534087961805,0.44054901468224
-951.209677346133,11436.7502030901,99.7460407020641,2.08170000700904
-6472.26026987553,14214.3904091611,77.3330963345499,0.301614231065558
-32.6445452104053,15424.6259737126,83.8701975301294,0.96768103874841
-1621.49100990904,12474.0935392986,115.171861479363,1.60220507199857
1611.76700556087,17634.5891661949,105.660475409724,0.621236546617351
3270.74744033421,8210.46077593972,105.255898400821,0.152012226624085
-6439.28066260497,8349.69480419459,115.105585928725,0.543074937220493
-7026.74544493774,17919.4409171494,94.6273551622992,0.410623842829934
43.9002066248522,16852.5731039761,93.8444417300111,0.787002189222691
1907.70034640088,12271.4054404489,81.5147076914924,1.59747803283996
4999.20940798356,15503.9918404037,74.4239347736104,0.738857546988118
-5801.88813808828,16367.0299309053,71.4955767440895,0.320406365380761
7961.08578881427,16084.7724351153,115.094345200526,0.06499035977159
-5897.20719035986,17460.6041391515,66.1082209769722,0.253869061906324
-558.661097800015,8751.25044820866,62.33579779954,3.74200987147089
1296.82266525233,15998.9725049112,62.1611290974856,0.84488144219527
5510.55233390021,14753.5014834948,112.00622127036,0.298807687947365
-934.223305039448,12468.0749159404,76.9487246386216,1.50176691526862
-1184.74506123544,10356.5114590418,94.8973375793516,2.64639149143348
-1984.73878249348,18709.7250509657,86.196851386126,0.582260863671588
1192.80662616436,17811.3732634453,94.8053300801673,0.670180872209194
8922.30924267265,13794.6182897206,81.1830234960181,0.309433519420745
-2533.81367440494,15538.921267282,113.645658151995,0.91592459550332
2879.99086478031,9612.20116608475,113.553493649188,0.728929107830311
-1825.31657803807,15974.3575322128,85.1668796374388,0.822382917074929
-9492.2728867931,13924.2293505588,106.821930180413,0.352047715018287
-6876.94805267619,10303.5069043451,88.5801439980659,0.126648091115134
4319.44457694795,11217.6061187167,89.8523911287661,0.935563185278609
3178.47883820303,9659.85039140932,72.280806543437,2.07988799856231
-5560.55676134101,10736.4178643213,71.1681538652009,0.0270459033436284
-5378.50406823857,13089.8207389517,79.8938819440316,0.479157153448665
3437.85487197457,16594.1354013553,111.301812097196,0.50854975584706
-6429.10675891333,8770.59201397601,116.447071230186,0.675572290497587
-8011.1721448131,13803.7725871471,108.652714860475,0.515765945413687
-5136.55618001092,18845.3890756379,110.149555674631,0.53669656485467
6604.39729133983,15202.348405284,106.267368951113,0.260573869889052
3361.70273141292,10547.6140367434,69.095704488006,1.83397928413872
-5900.31409168358,13929.3546245638,112.552985011023,0.806861773306121
-4137.04539477974,11704.7235549434,92.3456731641605,1.02607535821618
-6371.29129820405,14459.8244405338,60.000698085322,0.0680360726476487
1660.83121939384,671.915743864542,84.9939497089375,1.52872132126907
-1571.50898815004,14169.9418718934,91.3506108651353,1.13608886153538
6348.87123476882,18204.3961222682,118.38468977834,0.181160393428968
-4638.72718354247,16657.3644747358,60.0884293251787,0.298412305795398
2482.97815698268,18931.3524149177,103.76068764528,0.507573656881359
-1811.76695617519,6998.88107963012,118.010729987957,5.62182966674242
1040.9436170396,8524.60198813631,73.4576089971027,5.15212044224028
-1277.46941729367,13720.347825852,99.7828315082053,1.27735609100579
-4110.68480916165,16838.7198288364,104.513779617523,0.692824255214579
7369.35951795826,13217.7447834393,79.5177080413819,0.490345434424937
-251.376035009727,62.147008481295,102.757279985911,28.7050178393235
-1495.72991061533,15090.7492942646,82.2564604894659,0.939708812904383
-4626.45281230108,11176.8430720194,108.401611181684,1.21901670947513
832.684293217339,9139.48490783635,119.091504165749,2.81476061681484
2669.56439652294,12205.1849921993,105.254895580925,1.07215155664534
-7212.87851854352,11020.6919611345,95.4382700396783,0.313753080282694
6698.60473598598,10669.2071712309,99.6608552548392,0.0250143368474365
9688.04361407104,10653.5417939072,64.7073489790274,0.298920849467011
513.803646053717,11467.2656653326,92.6698175462319,2.0646256644785
-6566.41428303393,12853.8908073009,102.559249708357,0.633558353501546
-4553.85346961262,15295.7909939346,70.0392782400636,0.446753473207555
8285.97613120998,15676.9387934212,95.0263668308467,0.249689531782913
-7644.97834219718,9467.85796300562,117.133307141856,0.512250723731206
1083.56005031587,6351.52805522516,96.0932327579894,1.09346994451667
3028.40776703728,14914.0425651179,77.7935947323558,0.951147616771475
6594.83607414403,13446.9377600774,102.865449844275,0.254381591559769
-5871.57456478794,14984.6843287757,105.540316951316,0.688132699733967
1948.26204340617,8247.36795730363,115.97549175418,1.090634698836
-6492.57442753101,11367.280587211,102.8595981441,0.623551809752342
8288.2389184992,13978.5991705446,87.7029686287871,0.295691583740602
-1624.58950215854,18969.602716466,115.259671265795,0.576868232757332
-2337.22943501005,17730.1532955276,101.675725635197,0.680662714930118
378.35410565675,12209.7387911686,103.738863699349,1.67298174067072
-6674.33262487841,12088.3699294564,76.4442953605315,0.132553149272249
4760.67232852741,14928.3807435244,108.424254232002,0.446792335384017
2063.04218932776,7789.19290422948,80.7205171346933,3.44725020750139
-5093.01780637358,15957.2434270767,80.1366272561906,0.488336340266338
-2214.08771916047,7293.82608672784,118.711528103348,4.38303661437243
-4226.125264586,10866.5731533165,111.392233424876,1.43934481149042
-2886.54567070102,11168.6178563818,102.070191695416,1.71119410752578
-478.991956018006,498.737462109231,89.7755251729417,25.168871892511
8736.59478649516,15803.2438298397,69.7821202158955,0.447836094723842
-5701.19242818487,9844.49655853749,104.066635924535,0.73339048391272
-4754.7191140035,17873.9056571915,61.5116048375538,0.291665580534771
-72.6750559752727,16582.8747592074,102.221986777743,0.802694075458822
1936.85697833778,15997.7377690444,118.215426583563,0.620884612587631
5418.24407491644,15251.2228861185,74.0984042997572,0.72023266526292
-7868.03493732456,8706.55084801996,102.292260602603,0.00586733980356813
-8497.24436528382,9177.40856962175,109.027688520935,0.163645534260302
3768.04792855472,13831.8468325015,63.1001232994777,1.10194104915701
-1303.45322792508,9433.76189475069,90.2877358982717,3.23153450816448
-5071.95933521786,8301.16334968841,103.107236839353,0.578125474220863
6382.04635348399,13861.6563443955,111.758428268951,0.161178856359943
5988.31757937959,14545.7450808311,70.7553367144674,0.730556784726864
-4557.09725540075,11595.2778400752,93.1624245431127,0.921590117072987
-2780.52206119946,14277.1266345519,67.9029017147456,0.720288611425042
-8168.35853346732,12483.1479690757,111.917745534535,0.524927839859547
8346.27150924486,18176.6778005857,69.4363924907829,0.425828401531655
