x2long,u1_surf
-20000,-0.307485311286264
-19919.8396793587,-0.308639491482412
-19839.6793587174,-0.309802052527556
-19759.5190380762,-0.310973082283506
-19679.3587174349,-0.312152669783523
-19599.1983967936,-0.313340905250634
-19519.0380761523,-0.314537880116241
-19438.877755511,-0.315743687039061
-19358.7174348697,-0.31695841992438
-19278.5571142285,-0.318182173943631
-19198.3967935872,-0.319415045554307
-19118.2364729459,-0.320657132520209
-19038.0761523046,-0.321908533932033
-18957.9158316633,-0.323169350228313
-18877.755511022,-0.324439683216702
-18797.5951903808,-0.325719636095623
-18717.4348697395,-0.327009313476277
-18637.2745490982,-0.32830882140502
-18557.1142284569,-0.329618267386117
-18476.9539078156,-0.33093776040487
-18396.7935871744,-0.332267410951136
-18316.6332665331,-0.333607331043231
-18236.4729458918,-0.334957634252233
-18156.3126252505,-0.336318435726681
-18076.1523046092,-0.33768985221769
-17995.9919839679,-0.339072002104464
-17915.8316633267,-0.340465005420239
-17835.6713426854,-0.341868983878639
-17755.5110220441,-0.343284060900466
-17675.3507014028,-0.344710361640918
-17595.1903807615,-0.346148013017248
-17515.0300601202,-0.347597143736862
-17434.869739479,-0.349057884325869
-17354.7094188377,-0.350530367158078
-17274.5490981964,-0.352014726484457
-17194.3887775551,-0.353511098463049
-17114.2284569138,-0.355019621189354
-17034.0681362725,-0.356540434727185
-16953.9078156313,-0.35807368113999
-16873.74749499,-0.359619504522657
-16793.5871743487,-0.361178051033792
-16713.4268537074,-0.362749468928494
-16633.2665330661,-0.364333908591597
-16553.1062124248,-0.365931522571418
-16472.9458917836,-0.367542465613983
-16392.7855711423,-0.369166894697752
-16312.625250501,-0.370804969068837
-16232.4649298597,-0.372456850276708
-16152.3046092184,-0.3741227022104
-16072.1442885772,-0.375802691135213
-15991.9839679359,-0.377496985729901
-15911.8236472946,-0.379205757124354
-15831.6633266533,-0.380929178937774
-15751.503006012,-0.382667427317328
-15671.3426853707,-0.384420680977294
-15591.1823647295,-0.386189121238674
-15511.0220440882,-0.387972932069286
-15430.8617234469,-0.389772300124319
-15350.7014028056,-0.39158741478735
-15270.5410821643,-0.393418468211798
-15190.380761523,-0.395265655362834
-15110.2204408818,-0.3971291740597
-15030.0601202405,-0.399009225018462
-14949.8997995992,-0.400906011895144
-14869.7394789579,-0.402819741329262
-14789.5791583166,-0.404750622987714
-14709.4188376754,-0.406698869609024
-14629.2585170341,-0.408664697047908
-14549.0981963928,-0.410648324320145
-14468.9378757515,-0.412649973647718
-14388.7775551102,-0.414669870504212
-14308.6172344689,-0.416708243660421
-14228.4569138277,-0.418765325230142
-14148.2965931864,-0.420841350716115
-14068.1362725451,-0.422936559056068
-13987.9759519038,-0.425051192668832
-13907.8156312625,-0.427185497500464
-13827.6553106212,-0.429339723070344
-13747.49498998,-0.43151412251718
-13667.3346693387,-0.433708952644869
-13587.1743486974,-0.435924473968148
-13507.0140280561,-0.43816095075796
-13426.8537074148,-0.440418651086476
-13346.6933867735,-0.442697846871682
-13266.5330661323,-0.444998813921443
-13186.372745491,-0.447321831976973
-13106.2124248497,-0.44966718475558
-13026.0521042084,-0.452035159992613
-12945.8917835671,-0.454426049482472
-12865.7314629259,-0.456840149118583
-12785.5711422846,-0.459277758932179
-12705.4108216433,-0.461739183129781
-12625.250501002,-0.464224730129196
-12545.0901803607,-0.466734712593903
-12464.9298597194,-0.469269447465629
-12384.7695390782,-0.471829255994949
-12304.6092184369,-0.474414463769712
-12224.4488977956,-0.477025400741073
-12144.2885771543,-0.479662401246916
-12064.128256513,-0.482325804032432
-11983.9679358717,-0.485015952267583
-11903.8076152305,-0.487733193561193
-11823.6472945892,-0.490477879971358
-11743.4869739479,-0.493250368011884
-11663.3266533066,-0.496051018654395
-11583.1663326653,-0.498880197325783
-11503.006012024,-0.501738273900587
-11422.8456913828,-0.504625622687934
-11342.6853707415,-0.507542622412575
-11262.5250501002,-0.510489656189574
-11182.3647294589,-0.513467111492152
-11102.2044088176,-0.51647538011216
-11022.0440881764,-0.519514858112623
-10941.8837675351,-0.522585945771745
-10861.7234468938,-0.525689047517755
-10781.5631262525,-0.528824571853893
-10701.4028056112,-0.53199293127283
-10621.2424849699,-0.535194542159719
-10541.0821643287,-0.538429824683081
-10460.9218436874,-0.541699202672615
-10380.7615230461,-0.545003103483013
-10300.6012024048,-0.548341957842753
-10220.4408817635,-0.55171619968682
-10140.2805611222,-0.555126265972198
-10060.120240481,-0.558572596474905
-9979.95991983968,-0.562055633567298
-9899.7995991984,-0.565575821974216
-9819.63927855711,-0.56913360850652
-9739.47895791583,-0.572729441770411
-9659.31863727455,-0.57636377185086
-9579.15831663327,-0.580037049967338
-9498.99799599198,-0.583749728099914
-9418.8376753507,-0.58750225858367
-9338.67735470942,-0.591295093669246
-9258.51703406814,-0.595128685047145
-9178.35671342685,-0.599003483333314
-9098.19639278557,-0.602919937513321
-9018.03607214429,-0.606878494342257
-8937.87575150301,-0.610879597697313
-8857.71543086172,-0.614923687879768
-8777.55511022044,-0.619011200862886
-8697.39478957916,-0.623142567481992
-8617.23446893788,-0.627318212562737
-8537.07414829659,-0.631538553983256
-8456.91382765531,-0.635804001665673
-8376.75350701403,-0.640114956492034
-8296.59318637275,-0.644471809139441
-8216.43286573146,-0.648874938828761
-8136.27254509018,-0.6533247119809
-8056.1122244489,-0.657821480774201
-7975.95190380762,-0.662365581596047
-7895.79158316633,-0.666957333381265
-7815.63126252505,-0.671597035829373
-7735.47094188377,-0.67628496749215
-7655.31062124248,-0.681021383722355
-7575.1503006012,-0.685806514473756
-7494.98997995992,-0.690640561941905
-7414.82965931864,-0.695523698034266
-7334.66933867735,-0.700456061657481
-7254.50901803607,-0.705437755808606
-7174.34869739479,-0.710468844456115
-7094.18837675351,-0.715549349195429
-7014.02805611222,-0.720679245662454
-6933.86773547094,-0.725858459687377
-6853.70741482966,-0.731086863169518
-6773.54709418838,-0.736364269652487
-6693.38677354709,-0.741690429577232
-6613.22645290581,-0.747065025188703
-6533.06613226453,-0.752487665069847
-6452.90581162325,-0.757957878274438
-6372.74549098196,-0.763475108027825
-6292.58517034068,-0.769038704962034
-6212.4248496994,-0.774647919848723
-6132.26452905812,-0.780301895790276
-6052.10420841683,-0.785999659825775
-5971.94388777555,-0.791740113904698
-5891.78356713427,-0.797522025176817
-5811.62324649299,-0.803344015542031
-5731.4629258517,-0.80920455039853
-5651.30260521042,-0.815101926521813
-5571.14228456914,-0.821034259000509
-5490.98196392786,-0.826999467147688
-5410.82164328657,-0.832995259298179
-5330.66132264529,-0.839019116393373
-5250.50100200401,-0.845068274244792
-5170.34068136273,-0.851139704356344
-5090.18036072144,-0.857230093172438
-5010.02004008016,-0.863335819604752
-4929.85971943888,-0.869452930674368
-4849.69939879759,-0.875577115087743
-4769.53907815631,-0.881703674544542
-4689.37875751503,-0.887827492552101
-4609.21843687375,-0.893943000495117
-4529.05811623247,-0.900044140679358
-4448.89779559118,-0.906124326034508
-4368.7374749499,-0.912176396122848
-4288.57715430862,-0.918192569056894
-4208.41683366733,-0.924164388879378
-4128.25651302605,-0.930082667902263
-4048.09619238477,-0.935937423436786
-3967.93587174349,-0.941717808272507
-3887.7755511022,-0.947412034178735
-3807.61523046092,-0.953007287604801
-3727.45490981964,-0.958489636644658
-3647.29458917836,-0.963843928204055
-3567.13426853707,-0.96905367416267
-3486.97394789579,-0.974100925156353
-3406.81362725451,-0.978966130412904
-3326.65330661323,-0.983627981855223
-3246.49298597195,-0.988063240434342
-3166.33266533066,-0.992246542367708
-3086.17234468938,-0.996150182630835
-3006.0120240481,-0.999743872678589
-2925.85170340681,-1.00299446895181
-2845.69138276553,-1.00586566825216
-2765.53106212425,-1.00831766554072
-2685.37074148297,-1.01030676913476
-2605.21042084168,-1.01178496764571
-2525.0501002004,-1.01269944233196
-2444.88977955912,-1.01299201785285
-2364.72945891783,-1.01259854374238
-2284.56913827655,-1.0114481983331
-2204.40881763527,-1.00946270644657
-2124.24849699399,-1.00655546207329
-2044.08817635271,-1.00263054771096
-1963.92785571142,-0.997581643342268
-1883.76753507014,-0.99129082069048
-1803.60721442886,-0.983627223085674
-1723.44689378758,-0.974445638998082
-1643.28657314629,-0.963584989445205
-1563.12625250501,-0.950866767994102
-1482.96593186373,-0.936093499588167
-1402.80561122244,-0.919047324388442
-1322.64529058116,-0.899488869592467
-1242.48496993988,-0.877156650904586
-1162.3246492986,-0.851767351296714
-1082.16432865732,-0.823017461991827
-1002.00400801603,-0.790586939116974
-921.843687374749,-0.754145719593987
-841.683366733469,-0.713364123813587
-761.523046092185,-0.667928292391179
-681.362725450901,-0.61756175764533
-601.202404809621,-0.56205388280272
-521.042084168337,-0.5012950192442
-440.881763527053,-0.435316660037772
-360.721442885773,-0.364332582761828
-280.56112224449,-0.288774299763267
-200.400801603206,-0.209311916031995
-120.240480961926,-0.126851058522535
-40.0801603206419,-0.0424991976415781
40.0801603206419,0.0424991976415781
120.240480961926,0.126851058522535
200.400801603206,0.209311916031995
280.56112224449,0.288774299763267
360.721442885773,0.364332582761828
440.881763527053,0.435316660037772
521.042084168337,0.5012950192442
601.202404809621,0.56205388280272
681.362725450901,0.61756175764533
761.523046092185,0.667928292391179
841.683366733469,0.713364123813587
921.843687374749,0.754145719593987
1002.00400801603,0.790586939116974
1082.16432865732,0.823017461991827
1162.3246492986,0.851767351296714
1242.48496993988,0.877156650904586
1322.64529058116,0.899488869592467
1402.80561122244,0.919047324388442
1482.96593186373,0.936093499588167
1563.12625250501,0.950866767994102
1643.28657314629,0.963584989445205
1723.44689378758,0.974445638998082
1803.60721442886,0.983627223085674
1883.76753507014,0.99129082069048
1963.92785571142,0.997581643342268
2044.08817635271,1.00263054771096
2124.24849699399,1.00655546207329
2204.40881763527,1.00946270644657
2284.56913827655,1.0114481983331
2364.72945891783,1.01259854374238
2444.88977955912,1.01299201785285
2525.0501002004,1.01269944233196
2605.21042084168,1.01178496764571
2685.37074148297,1.01030676913476
2765.53106212425,1.00831766554072
2845.69138276553,1.00586566825216
2925.85170340681,1.00299446895181
3006.0120240481,0.999743872678589
3086.17234468938,0.996150182630835
3166.33266533066,0.992246542367708
3246.49298597195,0.988063240434342
3326.65330661323,0.983627981855223
3406.81362725451,0.978966130412904
3486.97394789579,0.974100925156353
3567.13426853707,0.96905367416267
3647.29458917836,0.963843928204055
3727.45490981964,0.958489636644658
3807.61523046092,0.953007287604801
3887.7755511022,0.947412034178735
3967.93587174349,0.941717808272507
4048.09619238477,0.935937423436786
4128.25651302605,0.930082667902263
4208.41683366734,0.924164388879378
4288.57715430862,0.918192569056894
4368.7374749499,0.912176396122848
4448.89779559118,0.906124326034508
4529.05811623246,0.900044140679359
4609.21843687375,0.893943000495117
4689.37875751503,0.887827492552101
4769.53907815631,0.881703674544542
4849.69939879759,0.875577115087743
4929.85971943888,0.869452930674368
5010.02004008016,0.863335819604752
5090.18036072144,0.857230093172438
5170.34068136273,0.851139704356344
5250.50100200401,0.845068274244792
5330.66132264529,0.839019116393373
5410.82164328657,0.832995259298179
5490.98196392785,0.826999467147688
5571.14228456914,0.821034259000509
5651.30260521042,0.815101926521813
5731.46292585171,0.80920455039853
5811.62324649299,0.803344015542031
5891.78356713427,0.797522025176817
5971.94388777555,0.791740113904698
6052.10420841683,0.785999659825775
6132.26452905812,0.780301895790276
6212.4248496994,0.774647919848723
6292.58517034068,0.769038704962034
6372.74549098196,0.763475108027825
6452.90581162325,0.757957878274438
6533.06613226453,0.752487665069847
6613.22645290581,0.747065025188703
6693.3867735471,0.741690429577232
6773.54709418838,0.736364269652487
6853.70741482966,0.731086863169518
6933.86773547094,0.725858459687377
7014.02805611222,0.720679245662454
7094.18837675351,0.715549349195429
7174.34869739479,0.710468844456115
7254.50901803607,0.705437755808606
7334.66933867735,0.700456061657481
7414.82965931864,0.695523698034266
7494.98997995992,0.690640561941905
7575.1503006012,0.685806514473756
7655.31062124249,0.681021383722354
7735.47094188377,0.67628496749215
7815.63126252505,0.671597035829373
7895.79158316633,0.666957333381265
7975.95190380761,0.662365581596047
8056.1122244489,0.657821480774201
8136.27254509018,0.6533247119809
8216.43286573146,0.648874938828761
8296.59318637275,0.644471809139441
8376.75350701403,0.640114956492034
8456.91382765531,0.635804001665673
8537.07414829659,0.631538553983256
8617.23446893788,0.627318212562737
8697.39478957916,0.623142567481993
8777.55511022044,0.619011200862886
8857.71543086172,0.614923687879768
8937.875751503,0.610879597697314
9018.03607214429,0.606878494342257
9098.19639278557,0.602919937513321
9178.35671342685,0.599003483333314
9258.51703406814,0.595128685047145
9338.67735470942,0.591295093669246
9418.8376753507,0.58750225858367
9498.99799599198,0.583749728099914
9579.15831663327,0.580037049967338
9659.31863727455,0.57636377185086
9739.47895791583,0.572729441770411
9819.63927855712,0.56913360850652
9899.7995991984,0.565575821974216
9979.95991983968,0.562055633567298
10060.120240481,0.558572596474905
10140.2805611222,0.555126265972198
10220.4408817635,0.55171619968682
10300.6012024048,0.548341957842753
10380.7615230461,0.545003103483013
10460.9218436874,0.541699202672615
10541.0821643287,0.538429824683081
10621.2424849699,0.535194542159719
10701.4028056112,0.53199293127283
10781.5631262525,0.528824571853893
10861.7234468938,0.525689047517755
10941.8837675351,0.522585945771745
11022.0440881764,0.519514858112623
11102.2044088176,0.51647538011216
11182.3647294589,0.513467111492152
11262.5250501002,0.510489656189574
11342.6853707415,0.507542622412575
11422.8456913828,0.504625622687934
11503.006012024,0.501738273900587
11583.1663326653,0.498880197325783
11663.3266533066,0.496051018654395
11743.4869739479,0.493250368011884
11823.6472945892,0.490477879971358
11903.8076152305,0.487733193561193
11983.9679358717,0.485015952267583
12064.128256513,0.482325804032432
12144.2885771543,0.479662401246916
12224.4488977956,0.477025400741073
12304.6092184369,0.474414463769712
12384.7695390782,0.471829255994949
12464.9298597194,0.469269447465629
12545.0901803607,0.466734712593903
12625.250501002,0.464224730129196
12705.4108216433,0.461739183129781
12785.5711422846,0.459277758932179
12865.7314629259,0.456840149118583
12945.8917835671,0.454426049482472
13026.0521042084,0.452035159992613
13106.2124248497,0.44966718475558
13186.372745491,0.447321831976973
13266.5330661323,0.444998813921443
13346.6933867735,0.442697846871681
13426.8537074148,0.440418651086476
13507.0140280561,0.43816095075796
13587.1743486974,0.435924473968148
13667.3346693387,0.433708952644869
13747.49498998,0.43151412251718
13827.6553106212,0.429339723070344
13907.8156312625,0.427185497500464
13987.9759519038,0.425051192668832
14068.1362725451,0.422936559056068
14148.2965931864,0.420841350716115
14228.4569138277,0.418765325230142
14308.6172344689,0.416708243660421
14388.7775551102,0.414669870504212
14468.9378757515,0.412649973647718
14549.0981963928,0.410648324320145
14629.2585170341,0.408664697047908
14709.4188376754,0.406698869609024
14789.5791583166,0.404750622987714
14869.7394789579,0.402819741329262
14949.8997995992,0.400906011895145
15030.0601202405,0.399009225018462
15110.2204408818,0.3971291740597
15190.380761523,0.395265655362834
15270.5410821643,0.393418468211798
15350.7014028056,0.39158741478735
15430.8617234469,0.38977230012432
15511.0220440882,0.387972932069286
15591.1823647295,0.386189121238674
15671.3426853707,0.384420680977294
15751.503006012,0.382667427317328
15831.6633266533,0.380929178937774
15911.8236472946,0.379205757124354
15991.9839679359,0.377496985729901
16072.1442885772,0.375802691135213
16152.3046092184,0.3741227022104
16232.4649298597,0.372456850276708
16312.625250501,0.370804969068837
16392.7855711423,0.369166894697753
16472.9458917836,0.367542465613983
16553.1062124248,0.365931522571418
16633.2665330661,0.364333908591597
16713.4268537074,0.362749468928494
16793.5871743487,0.361178051033792
16873.74749499,0.359619504522657
16953.9078156313,0.35807368113999
17034.0681362725,0.356540434727185
17114.2284569138,0.355019621189354
17194.3887775551,0.353511098463049
17274.5490981964,0.352014726484457
17354.7094188377,0.350530367158078
17434.869739479,0.349057884325869
17515.0300601202,0.347597143736862
17595.1903807615,0.346148013017248
17675.3507014028,0.344710361640918
17755.5110220441,0.343284060900466
17835.6713426854,0.341868983878639
17915.8316633267,0.340465005420239
17995.9919839679,0.339072002104464
18076.1523046092,0.33768985221769
18156.3126252505,0.336318435726681
18236.4729458918,0.334957634252233
18316.6332665331,0.333607331043232
18396.7935871743,0.332267410951136
18476.9539078156,0.33093776040487
18557.1142284569,0.329618267386117
18637.2745490982,0.32830882140502
18717.4348697395,0.327009313476277
18797.5951903808,0.325719636095623
18877.755511022,0.324439683216702
18957.9158316633,0.323169350228313
19038.0761523046,0.321908533932033
19118.2364729459,0.320657132520209
19198.3967935872,0.319415045554307
19278.5571142285,0.318182173943632
19358.7174348697,0.31695841992438
19438.877755511,0.315743687039061
19519.0380761523,0.314537880116241
19599.1983967936,0.313340905250634
19679.3587174349,0.312152669783523
19759.5190380761,0.310973082283506
19839.6793587174,0.309802052527556
19919.8396793587,0.308639491482412
20000,0.307485311286264
