ox,ue,uz
30000,-2.18315912065257,1.3748361538321
30070.0700700701,-2.18283262083278,1.37256422647663
30140.1401401401,-2.18249370992186,1.37028270850213
30210.2102102102,-2.18214246167299,1.36799162137646
30280.2802802803,-2.18177894950057,1.36569098654112
30350.3503503503,-2.1814032464835,1.36338082541253
30420.4204204204,-2.18101542536952,1.36106115938242
30490.4904904905,-2.18061555857759,1.35873200982005
30560.5605605606,-2.18020371820242,1.35639339807223
30630.6306306306,-2.17977997601695,1.35404534546556
30700.7007007007,-2.17934440347586,1.35168787330718
30770.7707707708,-2.17889707171885,1.34932100288559
30840.8408408408,-2.17843805157438,1.34694475547215
30910.9109109109,-2.17796741356191,1.34455915232241
30980.980980981,-2.17748522789584,1.34216421467672
31051.0510510511,-2.17699156448836,1.33975996376174
31121.1211211211,-2.17648649295266,1.33734642079132
31191.1911911912,-2.17597008260579,1.33492360696774
31261.2612612613,-2.17544240247206,1.33249154348258
31331.3313313313,-2.17490352128535,1.33005025151836
31401.4014014014,-2.17435350749304,1.32759975224881
31471.4714714715,-2.17379242925812,1.32514006684065
31541.5415415415,-2.17322035446279,1.32267121645393
31611.6116116116,-2.17263735071028,1.32019322224412
31681.6816816817,-2.17204348532908,1.31770610536187
31751.7517517518,-2.17143882537497,1.31520988695496
31821.8218218218,-2.17082343763317,1.31270458816927
31891.8918918919,-2.17019738862239,1.31019023014938
31961.961961962,-2.16956074459715,1.30766683403955
32032.032032032,-2.16891357154977,1.30513442098532
32102.1021021021,-2.16825593521388,1.30259301213385
32172.1721721722,-2.1675879010668,1.30004262863535
32242.2422422422,-2.16690953433148,1.29748329164402
32312.3123123123,-2.16622089998015,1.29491502231861
32382.3823823824,-2.16552206273655,1.29233784182373
32452.4524524525,-2.16481308707776,1.28975177133094
32522.5225225225,-2.1640940372376,1.28715683201926
32592.5925925926,-2.16336497720876,1.28455304507649
32662.6626626627,-2.16262597074476,1.28194043170005
32732.7327327327,-2.16187708136316,1.2793190130979
32802.8028028028,-2.16111837234754,1.27668881048925
32872.8728728729,-2.16034990675002,1.27404984510585
32942.9429429429,-2.15957174739325,1.27140213819257
33013.013013013,-2.15878395687305,1.2687457110086
33083.0830830831,-2.15798659756065,1.26608058482811
33153.1531531532,-2.15717973160478,1.26340678094131
33223.2232232232,-2.15636342093439,1.26072432065512
33293.2932932933,-2.15553772726027,1.25803322529411
33363.3633633634,-2.15470271207737,1.25533351620178
33433.4334334334,-2.15385843666743,1.25262521474071
33503.5035035035,-2.15300496210036,1.24990834229408
33573.5735735736,-2.15214234923694,1.24718292026612
33643.6436436436,-2.15127065873118,1.24444897008295
33713.7137137137,-2.15038995103109,1.24170651319389
33783.7837837838,-2.14950028638251,1.23895557107163
33853.8538538539,-2.14860172482976,1.23619616521348
33923.9239239239,-2.1476943262181,1.23342831714227
33993.993993994,-2.14677815019596,1.23065204840685
34064.0640640641,-2.14585325621656,1.22786738058312
34134.1341341341,-2.14491970354012,1.22507433527469
34204.2042042042,-2.14397755123544,1.22227293411395
34274.2742742743,-2.14302685818223,1.21946319876261
34344.3443443443,-2.14206768307254,1.21664515091263
34414.4144144144,-2.14110008441316,1.21381881228685
34484.4844844845,-2.14012412052701,1.21098420464002
34554.5545545546,-2.13913984955512,1.20814134975934
34624.6246246246,-2.13814732945816,1.2052902694656
34694.6946946947,-2.1371466180191,1.20243098561329
34764.7647647648,-2.13613777284391,1.19956352009211
34834.8348348348,-2.13512085136365,1.19668789482734
34904.9049049049,-2.13409591083688,1.19380413178048
34974.974974975,-2.13306300835024,1.19091225295037
35045.045045045,-2.13202220082082,1.18801228037369
35115.1151151151,-2.13097354499806,1.18510423612573
35185.1851851852,-2.12991709746457,1.18218814232112
35255.2552552553,-2.12885291463859,1.17926402111466
35325.3253253253,-2.12778105277508,1.17633189470208
35395.3953953954,-2.12670156796772,1.17339178532047
35465.4654654655,-2.12561451615006,1.17044371524947
35535.5355355355,-2.12451995309732,1.16748770681151
35605.6056056056,-2.12341793442802,1.16452378237299
35675.6756756757,-2.12230851560568,1.16155196434446
35745.7457457457,-2.12119175193963,1.15857227518188
35815.8158158158,-2.12006769858715,1.15558473738695
35885.8858858859,-2.11893641055479,1.152589373508
35955.955955956,-2.11779794269999,1.14958620614045
36026.026026026,-2.11665234973212,1.14657525792793
36096.0960960961,-2.11549968621421,1.14355655156251
36166.1661661662,-2.11434000656438,1.14053010978565
36236.2362362362,-2.11317336505717,1.1374959553889
36306.3063063063,-2.11199981582519,1.1344541112143
36376.3763763764,-2.11081941285975,1.13140460015551
36446.4464464464,-2.10963221001314,1.12834744515813
36516.5165165165,-2.10843826099965,1.12528266922039
36586.5865865866,-2.10723761939656,1.12221029539404
36656.6566566567,-2.10603033864577,1.11913034678484
36726.7267267267,-2.10481647205517,1.1160428465533
36796.7967967968,-2.10359607279981,1.11294781791521
36866.8668668669,-2.102369193923,1.10984528414256
36936.9369369369,-2.10113588833832,1.10673526856384
37007.007007007,-2.09989620882947,1.10361779456504
37077.0770770771,-2.09865020805317,1.10049288559003
37147.1471471471,-2.09739793853915,1.09736056514139
37217.2172172172,-2.09613945269168,1.094220856781
37287.2872872873,-2.09487480279126,1.09107378413061
37357.3573573574,-2.09360404099497,1.08791937087256
37427.4274274274,-2.09232721933844,1.08475764075047
37497.4974974975,-2.09104438973633,1.08158861756967
37567.5675675676,-2.08975560398413,1.07841232519808
37637.6376376376,-2.08846091375858,1.07522878756667
37707.7077077077,-2.0871603706195,1.07203802867018
37777.7777777778,-2.0858540260104,1.06884007256773
37847.8478478479,-2.0845419312599,1.06563494338346
37917.9179179179,-2.08322413758207,1.06242266530684
37987.987987988,-2.08190069607894,1.05920326259413
38058.0580580581,-2.08057165774018,1.05597675956796
38128.1281281281,-2.07923707344486,1.05274318061875
38198.1981981982,-2.07789699396204,1.04950255020483
38268.2682682683,-2.07655146995249,1.04625489285333
38338.3383383383,-2.07520055196895,1.04300023316072
38408.4084084084,-2.07384429045739,1.03973859579333
38478.4784784785,-2.07248273575847,1.03647000548819
38548.5485485485,-2.07111593810761,1.0331944870534
38618.6186186186,-2.06974394763678,1.02991206536882
38688.6886886887,-2.06836681437518,1.02662276538673
38758.7587587588,-2.06698458824987,1.02332661213242
38828.8288288288,-2.06559731908731,1.02002363070476
38898.8988988989,-2.06420505661381,1.01671384627681
38968.968968969,-2.06280785045647,1.01339728409645
39039.039039039,-2.06140575014435,1.010073969487
39109.1091091091,-2.05999880510927,1.00674392784775
39179.1791791792,-2.05858706468668,1.00340718465455
39249.2492492492,-2.05717057811621,1.00006376546061
39319.3193193193,-2.05574939454311,0.996713695896829
39389.3893893894,-2.05432356301879,0.993357001672572
39459.4594594595,-2.05289313250163,0.989993708576244
39529.5295295295,-2.05145815185787,0.986623842475764
39599.5995995996,-2.05001866986233,0.983247429319376
39669.6696696697,-2.04857473519956,0.979864495136044
39739.7397397397,-2.04712639646438,0.976475066036173
39809.8098098098,-2.04567370216241,0.973079168212154
39879.8798798799,-2.04421670071148,0.969676827938939
39949.94994995,-2.04275544044195,0.966268071574793
40020.02002002,-2.04128996959762,0.962852925561586
40090.0900900901,-2.03982033633638,0.959431416425707
40160.1601601602,-2.03834658873117,0.956003570778438
40230.2302302302,-2.03686877477034,0.952569415316728
40300.3003003003,-2.03538694235891,0.949128976823567
40370.3703703704,-2.0339011393188,0.945682282168809
40440.4404404404,-2.03241141338972,0.942229358309596
40510.5105105105,-2.03091781223021,0.938770232291078
40580.5805805806,-2.02942038341734,0.935304931246896
40650.6506506506,-2.02791917444869,0.931833482399897
40720.7207207207,-2.0264142327421,0.92835591306259
40790.7907907908,-2.0249056056365,0.924872250637846
40860.8608608609,-2.02339334039292,0.921382522619537
40930.9309309309,-2.02187748419464,0.917886756592943
41001.001001001,-2.02035808414828,0.914384980235545
41071.0710710711,-2.01883518728398,0.91087722131751
41141.1411411411,-2.01730884055647,0.907363507702364
41211.2112112112,-2.01577909084523,0.903843867347515
41281.2812812813,-2.01424598495554,0.900318328304896
41351.3513513514,-2.01270956961866,0.896786918721529
41421.4214214214,-2.0111698914927,0.893249666840209
41491.4914914915,-2.00962699716291,0.889706601000009
41561.5615615616,-2.00808093314269,0.88615774963693
41631.6316316316,-2.00653174587364,0.882603141284507
41701.7017017017,-2.00497948172628,0.879042804574356
41771.7717717718,-2.00342418700077,0.875476768236818
41841.8418418418,-2.00186590792737,0.871905061101662
41911.9119119119,-2.00030469066669,0.868327712098479
41981.981981982,-1.99874058131062,0.864744750257454
42052.0520520521,-1.99717362588235,0.861156204709943
42122.1221221221,-1.99560387033742,0.85756210468903
42192.1921921922,-1.99403136056364,0.853962479530142
42262.2622622623,-1.99245614238205,0.850357358671677
42332.3323323323,-1.99087826154663,0.846746771655803
42402.4024024024,-1.98929776374615,0.843130748128634
42472.4724724725,-1.98771469460324,0.839509317841188
42542.5425425425,-1.98612909967523,0.835882510649948
42612.6126126126,-1.98454102445507,0.832250356517501
42682.6826826827,-1.9829505143712,0.828612885512883
42752.7527527528,-1.98135761478793,0.824970127812604
42822.8228228228,-1.97976237100649,0.821322113701051
42892.8928928929,-1.97816482826474,0.817668873571012
42962.962962963,-1.97656503173776,0.814010437924547
43033.033033033,-1.97496302653835,0.810346837373312
43103.1031031031,-1.97335885771745,0.806678102639667
43173.1731731732,-1.97175257026409,0.8030042645565
43243.2432432432,-1.97014420910631,0.799325354068777
43313.3133133133,-1.96853381911112,0.795641402233481
43383.3833833834,-1.96692144508486,0.791952440220597
43453.4534534535,-1.96530713177375,0.78825849931355
43523.5235235235,-1.96369092386366,0.78455961090955
43593.5935935936,-1.96207286598161,0.780855806522367
43663.6636636637,-1.96045300269446,0.777147117778477
43733.7337337337,-1.95883137851038,0.77343357642223
43803.8038038038,-1.95720803787868,0.769715214314233
43873.8738738739,-1.95558302519023,0.765992063432406
43943.9439439439,-1.95395638477753,0.762264155872628
44014.014014014,-1.95232816091525,0.75853152384949
44084.0840840841,-1.95069839782007,0.754794199696662
44154.1541541542,-1.94906713965145,0.751052215867915
44224.2242242242,-1.94743443051126,0.747305604937438
44294.2942942943,-1.94580031444451,0.743554399600658
44364.3643643644,-1.94416483543918,0.73979863267485
44434.4344344344,-1.94252803742673,0.736038337099791
44504.5045045045,-1.94088996428202,0.732273545938352
44574.5745745746,-1.93925065982355,0.728504292377223
44644.6446446446,-1.93761016781393,0.724730609727745
44714.7147147147,-1.93596853195949,0.720952531425938
44784.7847847848,-1.93432579591088,0.717170091033941
44854.8548548549,-1.93268200326312,0.713383322240204
44924.9249249249,-1.93103719755548,0.7095922588602
44994.994994995,-1.92939142227203,0.705796934837261
45065.0650650651,-1.92774472084126,0.701997384243017
45135.1351351351,-1.92609713663667,0.698193641278224
45205.2052052052,-1.92444871297651,0.694385740273369
45275.2752752753,-1.92279949312381,0.690573715689221
45345.3453453453,-1.92114952028707,0.686757602117831
45415.4154154154,-1.91949883761945,0.682937434282769
45485.4854854855,-1.91784748821935,0.679113247040102
45555.5555555556,-1.91619551513048,0.675285075378945
45625.6256256256,-1.91454296134159,0.671452954422186
45695.6956956957,-1.91288986978683,0.667616919427108
45765.7657657658,-1.91123628334548,0.663777005786078
45835.8358358358,-1.90958224484194,0.65993324902716
45905.9059059059,-1.90792779704604,0.656085684814974
45975.975975976,-1.90627298267283,0.652234348951214
46046.046046046,-1.9046178443824,0.648379277375312
46116.1161161161,-1.90296242478004,0.644520506165215
46186.1861861862,-1.90130676641605,0.640658071537964
46256.2562562563,-1.89965091178597,0.636792009850527
46326.3263263263,-1.89799490333013,0.632922357600332
46396.3963963964,-1.89633878343364,0.629049151425968
46466.4664664665,-1.8946825944265,0.625172428107861
46536.5365365365,-1.89302637858344,0.621292224569141
46606.6066066066,-1.89137017812366,0.617408577876039
46676.6766766767,-1.88971403521068,0.613521525238753
46746.7467467468,-1.88805799195251,0.609631104012061
46816.8168168168,-1.886402090401,0.605737351696023
46886.8868868869,-1.88474637255222,0.601840305936708
46956.956956957,-1.88309088034595,0.597940004526934
47027.027027027,-1.8814356556656,0.594036485406588
47097.0970970971,-1.87978074033788,0.590129786663872
47167.1671671672,-1.87812617613283,0.586219946535551
47237.2372372372,-1.87647200476327,0.582307003407771
47307.3073073073,-1.87481826788507,0.578390995816885
47377.3773773774,-1.87316500709634,0.574471962449871
47447.4474474474,-1.87151226393757,0.57054994214523
47517.5175175175,-1.86986007989113,0.566624973893594
47587.5875875876,-1.86820849638118,0.562697096838407
47657.6576576577,-1.86655755477321,0.558766350276628
47727.7277277277,-1.86490729637386,0.554832773659393
47797.7977977978,-1.86325776243046,0.550896406592633
47867.8678678679,-1.86160899413096,0.546957288838002
47937.9379379379,-1.8599610326032,0.543015460313151
48008.008008008,-1.85831391891494,0.539070961092928
48078.0780780781,-1.85666769407319,0.535123831409417
48148.1481481481,-1.8550223990241,0.531174111653265
48218.2182182182,-1.85337807465229,0.52722184237389
48288.2882882883,-1.85173476178069,0.523267064280401
48358.3583583584,-1.85009250116988,0.519309818242089
48428.4284284284,-1.84845133351796,0.515350145289422
48498.4984984985,-1.84681129945972,0.511388086614199
48568.5685685686,-1.84517243956659,0.507423683570781
48638.6386386386,-1.84353479434585,0.50345697767637
48708.7087087087,-1.84189840424023,0.499488010611755
48778.7787787788,-1.84026330962738,0.495516824221943
48848.8488488489,-1.83862955081971,0.491543460517249
48918.9189189189,-1.83699716806314,0.48756796167311
48988.988988989,-1.83536620153737,0.483590370031612
49059.0590590591,-1.83373669135471,0.479610728101583
49129.1291291291,-1.83210867755968,0.475629078559314
49199.1991991992,-1.8304822001286,0.471645464249495
49269.2692692693,-1.8288572989689,0.467659928185603
49339.3393393393,-1.82723401391832,0.463672513550472
49409.4094094094,-1.82561238474459,0.4596832636973
49479.4794794795,-1.82399245114454,0.455692222149908
49549.5495495495,-1.8223742527435,0.451699432603377
49619.6196196196,-1.82075782909471,0.447704938925049
49689.6896896897,-1.8191432196787,0.443708785154848
49759.7597597598,-1.81753046390219,0.439711015505662
49829.8298298298,-1.81591960109794,0.435711674364712
49899.8998998999,-1.81431067052361,0.431710806293398
49969.96996997,-1.81270371136107,0.42770845602816
50040.04004004,-1.81109876271579,0.423704668481256
50110.1101101101,-1.80949586361599,0.419699488741248
50180.1801801802,-1.80789505301183,0.415692962073473
50250.2502502502,-1.80629636977447,0.411685133920614
50320.3203203203,-1.80469985269558,0.407676049903592
50390.3903903904,-1.8031055404861,0.403665755821801
50460.4604604605,-1.80151347177575,0.399654297653816
50530.5305305305,-1.79992368511182,0.39564172155791
50600.6006006006,-1.79833621895859,0.391628073872577
50670.6706706707,-1.79675111169631,0.387613401117503
50740.7407407407,-1.79516840162003,0.383597749993157
50810.8108108108,-1.79358812693915,0.379581167382378
50880.8808808809,-1.79201032577613,0.375563700350281
50950.950950951,-1.79043503616547,0.371545396144843
51021.021021021,-1.78886229605303,0.367526302197626
51091.0910910911,-1.78729214329466,0.363506466124092
51161.1611611612,-1.78572461565559,0.359485935724258
51231.2312312312,-1.78415975080896,0.355464758982907
51301.3013013013,-1.78259758633517,0.351442984070495
51371.3713713714,-1.78103815972045,0.34742065934319
51441.4414414414,-1.77948150835611,0.343397833343641
51511.5115115115,-1.77792766953712,0.339374554801271
51581.5815815816,-1.7763766804613,0.335350872632818
51651.6516516517,-1.77482857822791,0.3313268359427
51721.7217217217,-1.77328339983659,0.32730249402333
51791.7917917918,-1.77174118218638,0.323277896355973
51861.8618618619,-1.77020196207416,0.319253092610568
51931.9319319319,-1.76866577619374,0.31522813264646
52002.002002002,-1.76713266113459,0.311203066512838
52072.0720720721,-1.76560265338045,0.307177944448864
52142.1421421421,-1.76407578930824,0.303152816884275
52212.2122122122,-1.7625521051867,0.299127734439517
52282.2822822823,-1.7610316371751,0.295102747926354
52352.3523523523,-1.75951442132198,0.291077908347776
52422.4224224224,-1.75800049356369,0.287053266898772
52492.4924924925,-1.75648988972316,0.283028874966283
52562.5625625626,-1.75498264550862,0.279004784129812
52632.6326326326,-1.75347879651201,0.274981046161508
52702.7027027027,-1.75197837820764,0.270957713026156
52772.7727727728,-1.75048142595084,0.266934836882
52842.8428428428,-1.74898797497656,0.262912470080618
52912.9129129129,-1.74749806039782,0.258890665167283
52982.982982983,-1.74601171720413,0.254869474880925
53053.0530530531,-1.74452898026027,0.250848952154553
53123.1231231231,-1.74304988430461,0.2468291501155
53193.1931931932,-1.74157446394765,0.242810122085382
53263.2632632633,-1.74010275367035,0.238791921580265
53333.3333333333,-1.73863478782268,0.23477460231077
53403.4034034034,-1.7371706006221,0.230758218182506
53473.4734734735,-1.73571022615189,0.226742823295875
53543.5435435435,-1.73425369835931,0.222728471945831
53613.6136136136,-1.73280105105442,0.218715218622777
53683.6836836837,-1.73135231790802,0.214703118011859
53753.7537537538,-1.7299075324502,0.210692224993217
53823.8238238238,-1.72846672806869,0.206682594642405
53893.8938938939,-1.72702993800678,0.202674282229447
53963.963963964,-1.72559719536215,0.198667343219863
54034.034034034,-1.72416853308475,0.19466183327397
54104.1041041041,-1.72274398397499,0.190657808246749
54174.1741741742,-1.72132358068236,0.186655324188418
54244.2442442442,-1.71990735570305,0.182654437343336
54314.3143143143,-1.71849534137879,0.178655204150897
54384.3843843844,-1.7170875698944,0.174657681244555
54454.4544544545,-1.71568407327643,0.170661925452193
54524.5245245245,-1.71428488339089,0.16666799379555
54594.5945945946,-1.71289003194169,0.162675943490306
54664.6646646647,-1.71149955046858,0.158685831945706
54734.7347347347,-1.71011347034521,0.154697716764218
54804.8048048048,-1.70873182277716,0.150711655741264
54874.8748748749,-1.70735463880021,0.146727706865266
54944.9449449449,-1.70598194927803,0.142745928316644
55015.015015015,-1.70461378490047,0.138766378468111
55085.0850850851,-1.70325017618139,0.134789115883818
55155.1551551552,-1.7018911534567,0.1308141993194
55225.2252252252,-1.7005367468823,0.126841687721035
55295.2952952953,-1.69918698643193,0.122871640225143
55365.3653653654,-1.69784190189536,0.118904116158459
55435.4354354354,-1.69650152287593,0.114939175036517
55505.5055055055,-1.69516587878868,0.110976876563943
55575.5755755756,-1.69383499885828,0.107017280633605
55645.6456456457,-1.69250891211654,0.103060447325797
55715.7157157157,-1.69118764740072,0.099106436908104
55785.7857857858,-1.68987123335102,0.0951553098343499
55855.8558558559,-1.68855969840841,0.0912071267438754
55925.9259259259,-1.68725307081252,0.087261948461231
55995.995995996,-1.68595137859951,0.0833198359951303
56066.0660660661,-1.68465464959958,0.0793808505378513
56136.1361361361,-1.68336291143467,0.0754450534642554
56206.2062062062,-1.68207619151724,0.0715125063306666
56276.2762762763,-1.68079451704581,0.0675832708752755
56346.3463463463,-1.67951791500485,0.0636574090157522
56416.4164164164,-1.67824641216132,0.0597349828490526
56486.4864864865,-1.67698003506259,0.05581605465026
56556.5565565566,-1.67571881003414,0.0519006868719364
56626.6266266266,-1.67446276317724,0.047988942142709
56696.6966966967,-1.67321192036637,0.0440808832663655
56766.7667667668,-1.671966307247,0.0401765732206816
56836.8368368368,-1.67072594923332,0.0362760751566703
56906.9069069069,-1.66949087150554,0.032379452396932
56976.976976977,-1.6682610990076,0.0284867684345478
57047.047047047,-1.66703665644484,0.0245980869322942
57117.1171171171,-1.66581756828134,0.0207134717207347
57187.1871871872,-1.66460385873768,0.0168329867975129
57257.2572572573,-1.66339555178824,0.012956696325549
57327.3273273273,-1.66219267115899,0.0090846646320508
57397.3973973974,-1.6609952403248,0.00521695620700428
57467.4674674675,-1.65980328250681,0.0013536357011621
57537.5375375375,-1.65861682067033,-0.0025052320743648
57607.6076076076,-1.65743587752203,-0.00635958215039418
57677.6776776777,-1.65626047550723,-0.0102093494013138
57747.7477477478,-1.65509063680786,-0.0140544685459796
57817.8178178178,-1.65392638333939,-0.0178948741502054
57887.8878878879,-1.65276773674863,-0.0217305006277112
57957.957957958,-1.65161471841097,-0.0255612822423476
58028.028028028,-1.65046734942786,-0.0293871531096266
58098.0980980981,-1.64932565062418,-0.0332080471985091
58168.1681681682,-1.64818964254571,-0.0370238983333005
58238.2382382382,-1.64705934545651,-0.0408346401955767
58308.3083083083,-1.6459347793363,-0.044640206326003
58378.3783783784,-1.64481596387778,-0.0484405301263144
58448.4484484484,-1.64370291848407,-0.0522355448617523
58518.5185185185,-1.64259566226625,-0.056025183661996
58588.5885885886,-1.64149421404031,-0.0598093795246726
58658.6586586587,-1.6403985923249,-0.0635880653165356
58728.7287287287,-1.63930881533861,-0.0673611737758009
58798.7987987988,-1.63822490099717,-0.0711286375146767
58868.8688688689,-1.63714686691094,-0.0748903890213319
58938.9389389389,-1.63607473038218,-0.0786463606626056
59009.009009009,-1.63500850840249,-0.0823964846855513
59079.0790790791,-1.63394821765026,-0.0861406932208279
59149.1491491491,-1.6328938744875,-0.0898789182846133
59219.2192192192,-1.63184549495774,-0.0936110917811126
59289.2892892893,-1.63080309478329,-0.0973371455050928
59359.3593593594,-1.62976668936229,-0.101057011144667
59429.4294294294,-1.62873629376625,-0.104770620283932
59499.4994994995,-1.62771192273745,-0.108477904405069
59569.5695695696,-1.6266935906864,-0.112178794892066
59639.6396396396,-1.62568131168844,-0.115873223032737
59709.7097097097,-1.62467509948226,-0.119561120021603
59779.7797797798,-1.62367496746631,-0.123242416963006
59849.8498498499,-1.62268092869657,-0.126917044874135
59919.9199199199,-1.62169299588389,-0.130584934687532
59989.98998999,-1.62071118139127,-0.134246017254612
60060.0600600601,-1.61973549723126,-0.137900223348425
60130.1301301301,-1.61876595506345,-0.141547483666437
60200.2002002002,-1.61780256619168,-0.145187728834581
60270.2702702703,-1.61684534156148,-0.148820889409824
60340.3403403403,-1.61589429175766,-0.152446895883383
60410.4104104104,-1.61494942700143,-0.156065678684481
60480.4804804805,-1.61401075714803,-0.159677168183346
60550.5505505505,-1.6130782916841,-0.163281294694434
60620.6206206206,-1.61215203972512,-0.166877988480492
60690.6906906907,-1.61123201001287,-0.170467179755563
60760.7607607608,-1.61031821091286,-0.174048798688793
60830.8308308308,-1.60941065041187,-0.177622775407877
60900.9009009009,-1.60850933611542,-0.181189040002721
60970.970970971,-1.6076142752452,-0.184747522529448
61041.041041041,-1.6067254746368,-0.188298153013566
61111.1111111111,-1.60584294073692,-0.191840861454449
61181.1811811812,-1.60496667960129,-0.195375577828541
61251.2512512512,-1.60409669689191,-0.198902232093946
61321.3213213213,-1.60323299787489,-0.20242075419361
61391.3913913914,-1.60237558741791,-0.205931074059973
61461.4614614615,-1.60152446998791,-0.209433121618719
61531.5315315315,-1.60067964964867,-0.212926826793021
61601.6016016016,-1.59984113005856,-0.216412119507415
61671.6716716717,-1.59900891446813,-0.219888929692345
61741.7417417417,-1.59818300571795,-0.223357187288292
61811.8118118118,-1.59736340623624,-0.226816822249975
61881.8818818819,-1.59655011803663,-0.230267764550836
61951.951951952,-1.59574314271596,-0.233709944187317
62022.022022022,-1.59494248145217,-0.237143291183382
62092.0920920921,-1.59414813500192,-0.24056773559517
62162.1621621622,-1.59336010369866,-0.243983207515383
62232.2322322322,-1.59257838745043,-0.247389637077526
62302.3023023023,-1.59180298573777,-0.250786954461342
62372.3723723724,-1.59103389761171,-0.254175089896952
62442.4424424424,-1.59027112169164,-0.257553973669607
62512.5125125125,-1.58951465616341,-0.26092353612476
62582.5825825826,-1.58876449877736,-0.264283707672593
62652.6526526527,-1.58802064684638,-0.267634418793078
62722.7227227227,-1.58728309724394,-0.270975600041004
62792.7927927928,-1.58655184640232,-0.274307182050814
62862.8628628629,-1.58582689031085,-0.277629095541362
62932.9329329329,-1.58510822451373,-0.28094127132144
63003.003003003,-1.5843958441089,-0.284243640294911
63073.0730730731,-1.58368974374579,-0.287536133465478
63143.1431431431,-1.58298991762389,-0.290818681941911
63213.2132132132,-1.58229635949103,-0.294091216943783
63283.2832832833,-1.58160906264174,-0.297353669806417
63353.3533533534,-1.58092801991585,-0.300605971986045
63423.4234234234,-1.58025322369686,-0.303848055065374
63493.4934934935,-1.57958466591041,-0.307079850759336
63563.5635635636,-1.57892233802294,-0.310301290919982
63633.6336336336,-1.5782662310403,-0.313512307542278
63703.7037037037,-1.57761633550631,-0.316712832769797
63773.7737737738,-1.57697264150161,-0.319902798900095
63843.8438438438,-1.57633513864226,-0.32308213838981
63913.9139139139,-1.57570381607865,-0.326250783861892
63983.983983984,-1.57507866249429,-0.32940866810941
64054.0540540541,-1.57445966610466,-0.332555724102657
64124.1241241241,-1.57384681465634,-0.33569188499424
64194.1941941942,-1.57324009542572,-0.33881708412517
64264.2642642643,-1.57263949521825,-0.341931255030778
64334.3343343343,-1.57204500036755,-0.345034331446264
64404.4044044044,-1.57145659673438,-0.348126247312896
64474.4744744745,-1.57087426970607,-0.351206936783904
64544.5445445445,-1.57029800419559,-0.35427633423048
64614.6146146146,-1.56972778464104,-0.357334374247601
64684.6846846847,-1.5691635950048,-0.36038099166056
64754.7547547548,-1.56860541877322,-0.363416121530294
64824.8248248248,-1.5680532389559,-0.366439699160363
64894.8948948949,-1.56750703808535,-0.369451660102138
64964.964964965,-1.56696679821655,-0.372451940162105
65035.035035035,-1.56643250092663,-0.375440475406659
65105.1051051051,-1.56590412731457,-0.378417202169909
65175.1751751752,-1.56538165800108,-0.381382057058324
65245.2452452452,-1.56486507312826,-0.384334976958456
65315.3153153153,-1.56435435235979,-0.387275899041838
65385.3853853854,-1.56384947488064,-0.39020476077263
65455.4554554555,-1.56335041939729,-0.393121499912843
65525.5255255255,-1.56285716413774,-0.3960260545294
65595.5955955956,-1.56236968685176,-0.398918363000318
65665.6656656657,-1.56188796481106,-0.401798364020915
65735.7357357357,-1.56141197480968,-0.404665996610194
65805.8058058058,-1.56094169316418,-0.407521200117756
65875.8758758759,-1.56047709571452,-0.410363914229632
65945.9459459459,-1.56001815782391,-0.413194078974884
66016.016016016,-1.55956485437996,-0.416011634732628
66086.0860860861,-1.55911715979512,-0.418816522237603
66156.1561561562,-1.55867504800744,-0.421608682587019
66226.2262262262,-1.55823849248124,-0.424388057247548
66296.2962962963,-1.55780746620822,-0.427154588060876
66366.3663663664,-1.55738194170816,-0.429908217251025
66436.4364364364,-1.55696189103007,-0.432648887430452
66506.5065065065,-1.55654728575324,-0.435376541606695
66576.5765765766,-1.55613809698859,-0.438091123188845
66646.6466466466,-1.55573429537916,-0.440792575993381
66716.7167167167,-1.55533585110279,-0.443480844252475
66786.7867867868,-1.55494273387213,-0.446155872618503
66856.8568568569,-1.5545549129369,-0.448817606171855
66926.9269269269,-1.55417235708512,-0.451465990426742
66996.996996997,-1.55379503464495,-0.45410097133781
67067.0670670671,-1.55342291348604,-0.45672249530705
67137.1371371371,-1.55305596102174,-0.459330509189814
67207.2072072072,-1.55269414421052,-0.461924960301462
67277.2772772773,-1.55233742955827,-0.464505796423705
67347.3473473474,-1.55198578311998,-0.467072965811258
67417.4174174174,-1.55163917050205,-0.46962641719806
67487.4874874875,-1.55129755686439,-0.472166099803883
67557.5575575576,-1.55096090692278,-0.47469196334034
67627.6276276276,-1.55062918495042,-0.477203958017533
67697.6976976977,-1.55030235478194,-0.479702034550644
67767.7677677678,-1.54998037981427,-0.482186144166005
67837.8378378378,-1.54966322301,-0.484656238607127
67907.9079079079,-1.54935084689984,-0.487112270141362
67977.977977978,-1.54904321358538,-0.489554191566194
68048.048048048,-1.54874028474187,-0.49198195621515
68118.1181181181,-1.54844202162108,-0.494395517964306
68188.1881881882,-1.5481483850543,-0.496794831238105
68258.2582582583,-1.54785933545532,-0.499179851015981
68328.3283283283,-1.54757483282361,-0.501550532837789
68398.3983983984,-1.5472948367475,-0.503906832810639
68468.4684684685,-1.54701930640746,-0.506248707614181
68538.5385385385,-1.54674820057942,-0.508576114507009
68608.6086086086,-1.54648147763828,-0.510889011332809
68678.6786786787,-1.54621909556135,-0.513187356525398
68748.7487487487,-1.54596101193203,-0.515471109115615
68818.8188188188,-1.5457071839434,-0.517740228736515
68888.8888888889,-1.54545756840207,-0.519994675628965
68958.958958959,-1.54521212173194,-0.522234410648075
69029.029029029,-1.54497079997809,-0.524459395268267
69099.0990990991,-1.54473355881089,-0.526669591588913
69169.1691691692,-1.54450035352994,-0.528864962340232
69239.2392392392,-1.54427113906827,-0.531045470888323
69309.3093093093,-1.5440458699966,-0.533211081241225
69379.3793793794,-1.54382450052752,-0.535361758053789
69449.4494494495,-1.54360698452001,-0.537497466632699
69519.5195195195,-1.54339327548378,-0.539618172942797
69589.5895895896,-1.54318332658389,-0.541723843611412
69659.6596596597,-1.54297709064514,-0.543814445933826
69729.7297297297,-1.54277452015707,-0.54588994787792
69799.7997997998,-1.54257556727842,-0.547950318089772
69869.8698698699,-1.54238018384208,-0.549995525898521
69939.9399399399,-1.54218832135997,-0.552025541320436
70010.01001001,-1.54199993102799,-0.554040335064722
70080.0800800801,-1.54181496373098,-0.556039878537688
70150.1501501501,-1.54163337004798,-0.558024143847423
70220.2202202202,-1.54145510025726,-0.55999310380846
70290.2902902903,-1.54128010434174,-0.561946731946277
70360.3603603604,-1.54110833199363,-0.563885002500755
70430.4304304304,-1.54093973262113,-0.565807890432843
70500.5005005005,-1.54077425535259,-0.567715371426165
70570.5705705706,-1.54061184904258,-0.56960742189282
70640.6406406406,-1.54045246227739,-0.571484018976744
70710.7107107107,-1.54029604338063,-0.5733451405576
70780.7807807808,-1.54014254041897,-0.575190765255577
70850.8508508509,-1.53999190120784,-0.577020872433804
70920.9209209209,-1.53984407331724,-0.578835442203144
70990.990990991,-1.53969900407768,-0.580634455425491
71061.0610610611,-1.53955664058604,-0.582417893717095
71131.1311311311,-1.53941692971161,-0.584185739452262
71201.2012012012,-1.53927981810202,-0.58593797576648
71271.2712712713,-1.53914525218953,-0.587674586559597
71341.3413413414,-1.539013178197,-0.589395556499164
71411.4114114114,-1.53888354214418,-0.591100871023422
71481.4814814815,-1.53875628985397,-0.592790516344012
71551.5515515516,-1.53863136695865,-0.59446447944923
71621.6216216216,-1.53850871890634,-0.596122748106001
71691.6916916917,-1.53838829096729,-0.597765310863827
71761.7617617618,-1.53827002824031,-0.599392157055066
71831.8318318318,-1.53815387565949,-0.60100327680014
71901.9019019019,-1.53803977800041,-0.602598661007649
71971.971971972,-1.53792767988696,-0.604178301377478
72042.042042042,-1.53781752579773,-0.605742190402583
72112.1121121121,-1.53770926007293,-0.607290321371173
72182.1821821822,-1.53760282692087,-0.608822688368734
72252.2522522522,-1.53749817042472,-0.61033928627893
72322.3223223223,-1.53739523454937,-0.611840110786459
72392.3923923924,-1.53729396314814,-0.613325158377568
72462.4624624625,-1.53719429996954,-0.614794426341747
72532.5325325325,-1.53709618866434,-0.616247912773425
72602.6026026026,-1.5369995727922,-0.617685616572464
72672.6726726727,-1.53690439582878,-0.619107537445635
72742.7427427427,-1.53681060117253,-0.62051367590761
72812.8128128128,-1.53671813215178,-0.621904033281589
72882.8828828829,-1.53662693203158,-0.62327861169991
72952.952952953,-1.53653694402082,-0.624637414104741
73023.023023023,-1.53644811127917,-0.625980444248809
73093.0930930931,-1.53636037692425,-0.62730770669539
73163.1631631632,-1.53627368403845,-0.628619206818431
73233.2332332332,-1.53618797567621,-0.62991495080298
73303.3033033033,-1.53610319487104,-0.63119494564522
73373.3733733734,-1.53601928464257,-0.632459199151931
73443.4434434435,-1.53593618800366,-0.633707719940201
73513.5135135135,-1.53585384796754,-0.634940517437684
73583.5835835836,-1.53577220755492,-0.636157601881528
73653.6536536537,-1.53569120980108,-0.637358984317789
73723.7237237237,-1.53561079776299,-0.638544676600827
73793.7937937938,-1.53553091452644,-0.639714691392012
73863.8638638639,-1.53545150321318,-0.640869042159793
73933.9339339339,-1.53537250698797,-0.642007743177145
74004.004004004,-1.53529386906579,-0.643130809521559
74074.0740740741,-1.53521553271872,-0.644238257072662
74144.1441441441,-1.53513744128366,-0.64533010251149
74214.2142142142,-1.53505953816837,-0.646406363318558
74284.2842842843,-1.53498176685941,-0.647467057771833
74354.3543543543,-1.53490407092901,-0.648512204945656
74424.4244244244,-1.53482639404184,-0.649541824707903
74494.4944944945,-1.53474867996238,-0.650555937718343
74564.5645645646,-1.53467087256168,-0.65155456542632
74634.6346346346,-1.53459291582449,-0.652537730068501
74704.7047047047,-1.53451475385622,-0.653505454666229
74774.7747747748,-1.53443633088979,-0.654457763023029
74844.8448448448,-1.53435759129264,-0.655394679721748
74914.9149149149,-1.5342784795736,-0.656316230122143
74984.984984985,-1.53419894038975,-0.657222440357503
75055.0550550551,-1.53411891855323,-0.6581133373316
75125.1251251251,-1.53403835903813,-0.658988948716114
75195.1951951952,-1.53395720698708,-0.659849302946054
75265.2652652653,-1.53387540771823,-0.660694429218041
75335.3353353353,-1.53379290673168,-0.661524357485239
75405.4054054054,-1.53370964971637,-0.662339118454776
75475.4754754755,-1.53362558255657,-0.663138743583511
75545.5455455456,-1.53354065133841,-0.663923265073805
75615.6156156156,-1.53345480235659,-0.664692715870494
75685.6856856857,-1.53336798212067,-0.665447129656117
75755.7557557558,-1.53328013736167,-0.666186540846691
75825.8258258258,-1.53319121503834,-0.666910984587715
75895.8958958959,-1.53310116234353,-0.667620496749509
75965.965965966,-1.53300992671058,-0.668315113922721
76036.036036036,-1.53291745581945,-0.668994873413965
76106.1061061061,-1.53282369760293,-0.669659813240767
76176.1761761762,-1.53272860025277,-0.67030997212668
76246.2462462462,-1.53263211222579,-0.670945389496745
76316.3163163163,-1.53253418224984,-0.671566105471791
76386.3863863864,-1.53243475932974,-0.672172160863953
76456.4564564564,-1.53233379275334,-0.672763597171216
76526.5265265265,-1.53223123209711,-0.673340456571877
76596.5965965966,-1.53212702723204,-0.673902781919139
76666.6666666667,-1.53202112832933,-0.674450616735777
76736.7367367367,-1.53191348586606,-0.674984005208474
76806.8068068068,-1.53180405063065,-0.675502992182006
76876.8768768769,-1.53169277372849,-0.676007623153388
76946.9469469469,-1.53157960658727,-0.676497944266178
77017.017017017,-1.53146450096239,-0.676974002304238
77087.0870870871,-1.53134740894219,-0.677435844685746
77157.1571571572,-1.53122828295327,-0.67788351945726
77227.2272272272,-1.53110707576551,-0.678317075287232
77297.2972972973,-1.53098374049722,-0.678736561459794
77367.3673673674,-1.53085823062007,-0.679142027868258
77437.4374374374,-1.53073049996402,-0.679533525008661
77507.5075075075,-1.53060050272213,-0.679911103973308
77577.5775775776,-1.53046819345537,-0.680274816444133
77647.6476476477,-1.53033352709722,-0.680624714686044
77717.7177177177,-1.53019645895828,-0.680960851539792
77787.7877877878,-1.53005694473081,-0.68128328041562
77857.8578578579,-1.52991494049308,-0.681592055285935
77927.9279279279,-1.52977040271382,-0.68188723067886
77997.997997998,-1.5296232882563,-0.682168861670362
78068.0680680681,-1.52947355438269,-0.682437003878054
78138.1381381381,-1.52932115875804,-0.682691713453493
78208.2082082082,-1.5291660594543,-0.682933047075008
78278.2782782783,-1.52900821495415,-0.683161061940627
78348.3483483483,-1.52884758415497,-0.683375815760359
78418.4184184184,-1.52868412637244,-0.68357736674936
78488.4884884885,-1.52851780134426,-0.683765773619982
78558.5585585586,-1.5283485692337,-0.683941095574618
78628.6286286286,-1.52817639063291,-0.684103392297839
78698.6986986987,-1.52800122656654,-0.684252723949245
78768.7687687688,-1.52782303849483,-0.684389151155242
78838.8388388388,-1.5276417883169,-0.68451273500214
78908.9089089089,-1.52745743837378,-0.684623537027769
78978.978978979,-1.52726995145138,-0.684721619213854
79049.049049049,-1.5270792907837,-0.684807043978852
79119.1191191191,-1.52688542005501,-0.684879874168913
79189.1891891892,-1.52668830340331,-0.684940173051424
79259.2592592593,-1.52648790542249,-0.684988004306131
79329.3293293293,-1.52628419116496,-0.685023432017434
79399.3993993994,-1.52607712614421,-0.685046520666815
79469.4694694695,-1.52586667633702,-0.685057335124264
79539.5395395395,-1.52565280818585,-0.685055940641122
79609.6096096096,-1.52543548860086,-0.685042402841094
79679.6796796797,-1.5252146849621,-0.685016787713149
79749.7497497498,-1.52499036512137,-0.684979161602693
79819.8198198198,-1.52476249740418,-0.684929591203886
79889.8898898899,-1.52453105061157,-0.684868143551653
79959.95995996,-1.52429599402167,-0.684794886013503
80030.03003003,-1.52405729739141,-0.684709886281151
80100.1001001001,-1.52381493095799,-0.684613212362898
80170.1701701702,-1.5235688654403,-0.684504932575228
80240.2402402402,-1.52331907204025,-0.684385115534692
80310.3103103103,-1.52306552244388,-0.684253830149731
80380.3803803804,-1.52280818882264,-0.684111145612703
80450.4504504504,-1.52254704383445,-0.683957131391903
80520.5205205205,-1.52228206062442,-0.683791857222869
80590.5905905906,-1.52201321282595,-0.683615393101199
80660.6606606607,-1.5217404745617,-0.68342780927359
80730.7307307307,-1.52146382044328,-0.683229176229671
80800.8008008008,-1.52118322557312,-0.683019564694991
80870.8708708709,-1.52089866554411,-0.68279904562173
80940.9409409409,-1.52061011644035,-0.682567690181381
81011.011011011,-1.52031755483737,-0.682325569756499
81081.0810810811,-1.52002095780229,-0.682072755932299
81151.1511511511,-1.51972030289413,-0.681809320489354
81221.2212212212,-1.51941556816373,-0.681535335395002
81291.2912912913,-1.51910673215376,-0.681250872795697
81361.3613613614,-1.51879377389852,-0.680956005008782
81431.4314314314,-1.51847667292394,-0.680650804514912
81501.5015015015,-1.51815540924702,-0.680335343949814
81571.5715715716,-1.51782996337566,-0.680009696096649
81641.6416416416,-1.5175003163081,-0.67967393387814
81711.7117117117,-1.51716644953243,-0.679328130348468
81781.7817817818,-1.51682834502588,-0.678972358685959
81851.8518518519,-1.5164859852543,-0.678606692184997
81921.9219219219,-1.51613935317113,-0.678231204248463
81991.991991992,-1.51578843221674,-0.677845968379968
82062.0620620621,-1.51543320631736,-0.677451058176267
82132.1321321321,-1.51507365988418,-0.677046547319808
82202.2022022022,-1.51470977781207,-0.676632509570699
82272.2722722723,-1.51434154547859,-0.676209018759663
82342.3423423423,-1.51396894874268,-0.675776148780575
82412.4124124124,-1.51359197394328,-0.675333973582593
82482.4824824825,-1.5132106078981,-0.674882567163477
82552.5525525525,-1.51282483790173,-0.67442200356104
82622.6226226226,-1.51243465172482,-0.673952356847595
82692.6926926927,-1.5120400376117,-0.673473701121048
82762.7627627628,-1.51164098427925,-0.67298611049879
82832.8328328328,-1.51123748091485,-0.672489659110007
82902.9029029029,-1.51082951717476,-0.67198442108902
82972.972972973,-1.5104170831821,-0.671470470567852
83043.043043043,-1.51000016952493,-0.670947881669412
83113.1131131131,-1.50957876725422,-0.670416728500527
83183.1831831832,-1.50915286788195,-0.669877085145376
83253.2532532533,-1.50872246337866,-0.669329025658115
83323.3233233233,-1.50828754617159,-0.668772624056764
83393.3933933934,-1.50784810914218,-0.66820795431611
83463.4634634635,-1.50740414562375,-0.66763509036094
83533.5335335335,-1.50695564939933,-0.667054106059993
83603.6036036036,-1.50650261469909,-0.666465075219192
83673.6736736737,-1.50604503619778,-0.665868071574992
83743.7437437437,-1.50558290901234,-0.665263168788309
83813.8138138138,-1.50511622869927,-0.66465044043824
83883.8838838839,-1.50464499125175,-0.664029960015216
83953.953953954,-1.50416919309735,-0.663401800915643
84024.024024024,-1.50368883109501,-0.662766036435505
84094.0940940941,-1.50320390253219,-0.662122739763798
84164.1641641642,-1.50271440512231,-0.661471983977429
84234.2342342342,-1.50222033700155,-0.660813842034673
84304.3043043043,-1.50172169672595,-0.660148386769195
84374.3743743744,-1.50121848326879,-0.659475690885246
84444.4444444444,-1.50071069601695,-0.658795826950565
84514.5145145145,-1.50019833476839,-0.658108867391982
84584.5845845846,-1.49968139972879,-0.657414884489211
84654.6546546546,-1.49915989150836,-0.656713950369392
84724.7247247247,-1.49863381111877,-0.656006137001863
84794.7947947948,-1.49810315996991,-0.655291516192845
84864.8648648649,-1.49756793986646,-0.654570159579689
84934.9349349349,-1.49702815300489,-0.653842138626447
85005.005005005,-1.49648380196984,-0.653107524618072
85075.0750750751,-1.49593488973089,-0.652366388655593
85145.1451451451,-1.49538141963918,-0.651618801651269
85215.2152152152,-1.49482339542384,-0.650864834323442
85285.2852852853,-1.4942608211889,-0.650104557192106
85355.3553553554,-1.49369370140889,-0.649338040573216
85425.4254254254,-1.49312204092688,-0.648565354575519
85495.4954954955,-1.49254584494929,-0.647786569094314
85565.5655655656,-1.49196511904335,-0.647001753808059
85635.6356356356,-1.49137986913309,-0.646210978173459
85705.7057057057,-1.49079010149619,-0.645414311421199
85775.7757757758,-1.49019582275946,-0.644611822551383
85845.8458458458,-1.48959703989601,-0.643803580329601
85915.9159159159,-1.48899376022129,-0.642989653282643
85985.985985986,-1.4883859913893,-0.642170109694411
86056.0560560561,-1.48777374138899,-0.64134501760198
86126.1261261261,-1.48715701854045,-0.640514444791481
86196.1961961962,-1.48653583149127,-0.63967845879452
86266.2662662663,-1.48591018921259,-0.638837126884072
86336.3363363363,-1.48528010099546,-0.637990516070894
86406.4064064064,-1.48464557644707,-0.637138693100023
86476.4764764765,-1.48400662548687,-0.636281724447145
86546.5465465465,-1.48336325834279,-0.635419676314987
86616.6166166166,-1.48271548554729,-0.634552614629792
86686.6866866867,-1.48206331793388,-0.633680605038634
86756.7567567568,-1.48140676663274,-0.632803712905112
86826.8268268268,-1.48074584306742,-0.631922003307173
86896.8968968969,-1.4800805589506,-0.631035541033337
86966.966966967,-1.47941092628034,-0.630144390579784
87037.037037037,-1.47873695733638,-0.62924861614774
87107.1071071071,-1.47805866467596,-0.628348281639914
87177.1771771772,-1.47737606113014,-0.627443450658094
87247.2472472472,-1.47668915979993,-0.626534186500517
87317.3173173173,-1.47599797405249,-0.625620552158937
87387.3873873874,-1.47530251751692,-0.624702610315854
87457.4574574575,-1.47460280408083,-0.623780423342485
87527.5275275275,-1.4738988478861,-0.622854053295623
87597.5975975976,-1.4731906633252,-0.621923561915762
87667.6676676677,-1.47247826503732,-0.620989010624617
87737.7377377377,-1.47176166790446,-0.620050460522711
87807.8078078078,-1.47104088704751,-0.619107972387237
87877.8778778779,-1.47031593782248,-0.618161606670026
87947.9479479479,-1.4695868358168,-0.617211423495513
88018.018018018,-1.4688535968451,-0.616257482658515
88088.0880880881,-1.46811623694567,-0.615299843622374
88158.1581581582,-1.46737477237661,-0.61433856551734
88228.2282282282,-1.46662921961193,-0.613373707138423
88298.2982982983,-1.46587959533774,-0.612405326943824
88368.3683683684,-1.46512591644854,-0.611433483053346
88438.4384384384,-1.46436820004338,-0.610458233246653
88508.5085085085,-1.4636064634221,-0.60947963496172
88578.5785785786,-1.46284072408158,-0.608497745293593
88648.6486486486,-1.46207099971184,-0.60751262099239
88718.7187187187,-1.46129730819275,-0.606524318462939
88788.7887887888,-1.46051966758966,-0.605532893762344
88858.8588588589,-1.45973809615027,-0.604538402599591
88928.9289289289,-1.45895261230061,-0.603540900334003
88998.998998999,-1.45816323464156,-0.602540441974296
89069.0690690691,-1.45736998194488,-0.601537082177267
89139.1391391391,-1.45657287315008,-0.600530875247149
89209.2092092092,-1.45577192736036,-0.599521875134425
89279.2792792793,-1.45496716383919,-0.598510135435116
89349.3493493494,-1.45415860200655,-0.597495709389594
89419.4194194194,-1.45334626143568,-0.596478649882374
89489.4894894895,-1.45253016184925,-0.595459009440999
89559.5595595596,-1.45171032311599,-0.594436840235506
89629.6296296296,-1.45088676524704,-0.593412194077759
89699.6996996997,-1.45005950839267,-0.592385122421098
89769.7697697698,-1.44922857283853,-0.591355676359526
89839.8398398398,-1.44839397900253,-0.59032390662756
89909.9099099099,-1.44755574743106,-0.589289863599559
89979.97997998,-1.44671389879598,-0.58825359728976
90050.05005005,-1.44586845389094,-0.5872151573516
90120.1201201201,-1.44501943362814,-0.586174593077678
90190.1901901902,-1.44416685903493,-0.585131953399437
90260.2602602603,-1.44331075125073,-0.584087286887304
90330.3303303303,-1.44245113152341,-0.583040641750179
90400.4004004004,-1.44158802120614,-0.581992065835512
90470.4704704705,-1.44072144175451,-0.580941606629786
90540.5405405405,-1.43985141472274,-0.579889311257751
90610.6106106106,-1.43897796176084,-0.578835226482954
90680.6806806807,-1.43810110461145,-0.577779398708015
90750.7507507508,-1.43722086510663,-0.576721873974411
90820.8208208208,-1.43633726516469,-0.575662697962941
90890.8908908909,-1.43545032678727,-0.574601915993958
90960.960960961,-1.43456007205624,-0.573539573027683
91031.031031031,-1.43366652313044,-0.572475713664288
91101.1011011011,-1.43276970224308,-0.571410382144744
91171.1711711712,-1.43186963169844,-0.570343622350786
91241.2412412412,-1.43096633386905,-0.569275477805661
91311.3113113113,-1.43005983119278,-0.568205991674515
91381.3813813814,-1.42915014616998,-0.567135206765016
91451.4514514515,-1.4282373013604,-0.566063165527675
91521.5215215215,-1.42732131938069,-0.564989910056845
91591.5915915916,-1.42640222290133,-0.563915482091019
91661.6616616617,-1.42548003464392,-0.562839923013682
91731.7317317317,-1.42455477737854,-0.561763273854062
91801.8018018018,-1.42362647392073,-0.560685575287607
91871.8718718719,-1.42269514712927,-0.559606867637248
91941.9419419419,-1.42176081990294,-0.558527190873638
92012.012012012,-1.42082351517838,-0.557446584616442
92082.0820820821,-1.41988325592721,-0.55636508813508
92152.1521521521,-1.41894006515353,-0.555282740349501
92222.2222222222,-1.41799396589125,-0.554199579831239
92292.2922922923,-1.41704498120181,-0.553115644804455
92362.3623623624,-1.41609313417149,-0.55203097314682
92432.4324324324,-1.41513844790888,-0.550945602390403
92502.5025025025,-1.41418094554279,-0.549859569723173
92572.5725725726,-1.41322065021939,-0.54877291198947
92642.6426426426,-1.41225758510008,-0.547685665691631
92712.7127127127,-1.41129177335921,-0.546597866990777
92782.7827827828,-1.41032323818156,-0.545509551708221
92852.8528528529,-1.40935200276025,-0.544420755326384
92922.9229229229,-1.40837809029422,-0.54333151299028
92992.992992993,-1.40740152398624,-0.542241859508533
93063.0630630631,-1.40642232704051,-0.541151829354595
93133.1331331331,-1.40544052266071,-0.540061456668317
93203.2032032032,-1.4044561340476,-0.538970775256881
93273.2732732733,-1.40346918439705,-0.537879818596312
93343.3433433434,-1.40247969689796,-0.536788619832846
93413.4134134134,-1.40148769473008,-0.535697211784129
93483.4834834835,-1.40049320106206,-0.534605626940698
93553.5535535536,-1.39949623904944,-0.533513897467349
93623.6236236236,-1.39849683183269,-0.532422055204614
93693.6936936937,-1.39749500253519,-0.531330131670092
93763.7637637638,-1.39649077426128,-0.530238158059814
93833.8338338338,-1.39548417009461,-0.52914616525012
93903.9039039039,-1.39447521309589,-0.528054183798517
93973.973973974,-1.39346392630141,-0.526962243945756
94044.044044044,-1.39245033272104,-0.525870375617028
94114.1141141141,-1.39143445533643,-0.524778608423473
94184.1841841842,-1.39041631709934,-0.5236869716639
94254.2542542543,-1.38939594092991,-0.522595494326252
94324.3243243243,-1.3883733497149,-0.521504205089156
94394.3943943944,-1.38734856630599,-0.520413132323456
94464.4644644645,-1.38632161351835,-0.519322304094029
94534.5345345345,-1.38529251412864,-0.518231748161078
94604.6046046046,-1.38426129087386,-0.517141491982095
94674.6746746747,-1.38322796644935,-0.516051562713103
94744.7447447447,-1.3821925635076,-0.514961987210656
94814.8148148148,-1.38115510465652,-0.513872792033241
94884.8848848849,-1.38011561245809,-0.512784003443155
94954.954954955,-1.37907410942673,-0.511695647407884
95025.025025025,-1.37803061802807,-0.51060774960213
95095.0950950951,-1.37698516067744,-0.509520335409275
95165.1651651652,-1.37593775973821,-0.508433429922899
95235.2352352352,-1.37488843752114,-0.507347057949101
95305.3053053053,-1.37383721628234,-0.506261244007605
95375.3753753754,-1.37278411822216,-0.505176012333626
95445.4454454455,-1.37172916548424,-0.50409138687992
95515.5155155155,-1.3706723801536,-0.503007391317892
95585.5855855856,-1.36961378425613,-0.501924049040094
95655.6556556557,-1.36855339975684,-0.500841383161324
95725.7257257257,-1.36749124855887,-0.499759416520692
95795.7957957958,-1.36642735250235,-0.498678171683329
95865.8658658659,-1.36536173336324,-0.497597670942147
95935.9359359359,-1.36429441285214,-0.49651793631953
96006.006006006,-1.36322541261325,-0.495438989569179
96076.0760760761,-1.36215475422336,-0.494360852177861
96146.1461461461,-1.36108245919074,-0.493283545367246
96216.2162162162,-1.36000854895399,-0.492207090095425
96286.2862862863,-1.35893304488131,-0.491131507059065
96356.3563563564,-1.35785596826926,-0.490056816694911
96426.4264264264,-1.35677734034192,-0.488983039181602
96496.4964964965,-1.35569718225006,-0.487910194441725
96566.5665665666,-1.35461551506996,-0.486838302143192
96636.6366366366,-1.35353235980267,-0.485767381701197
96706.7067067067,-1.35244773737333,-0.484697452280292
96776.7767767768,-1.35136166862987,-0.483628532795651
96846.8468468468,-1.35027417434242,-0.482560641915149
96916.9169169169,-1.34918527520271,-0.481493798061259
96986.986986987,-1.34809499182288,-0.480428019412548
97057.0570570571,-1.34700334473505,-0.479363323905766
97127.1271271271,-1.34591035439033,-0.478299729237431
97197.1971971972,-1.34481604115819,-0.477237252865569
97267.2672672673,-1.3437204253257,-0.476175912011671
97337.3373373373,-1.34262352709704,-0.475115723662517
97407.4074074074,-1.34152536659245,-0.474056704571638
97477.4774774775,-1.34042596384797,-0.472998871261457
97547.5475475476,-1.33932533881453,-0.471942240024819
97617.6176176176,-1.33822351135748,-0.47088682692691
97687.6876876877,-1.33712050125584,-0.469832647806855
97757.7577577578,-1.33601632820199,-0.468779718279781
97827.8278278278,-1.33491101180084,-0.4677280537383
97897.8978978979,-1.33380457156938,-0.46667766935435
97967.967967968,-1.33269702693618,-0.465628580081042
98038.038038038,-1.33158839724092,-0.464580800654378
98108.1081081081,-1.33047870173372,-0.463534345594848
98178.1781781782,-1.3293679595749,-0.462489229209447
98248.2482482482,-1.32825618983428,-0.461445465593141
98318.3183183183,-1.32714341149101,-0.460403068630907
98388.3883883884,-1.32602964343296,-0.459362051999221
98458.4584584585,-1.32491490445614,-0.458322429167697
98528.5285285285,-1.32379921326484,-0.457284213401321
98598.5985985986,-1.32268258847064,-0.456247417761512
98668.6686686687,-1.32156504859253,-0.45521205510837
98738.7387387387,-1.32044661205626,-0.454178138102061
98808.8088088088,-1.3193272971941,-0.453145679204649
98878.8788788789,-1.3182071222446,-0.452114690681788
98948.9489489489,-1.31708610535211,-0.451085184604345
99019.019019019,-1.31596426456675,-0.450057172850243
99089.0890890891,-1.31484161784383,-0.449030667105914
99159.1591591592,-1.3137181830438,-0.448005678868147
99229.2292292292,-1.31259397793196,-0.446982219445709
99299.2992992993,-1.31146902017821,-0.445960299961026
99369.3693693694,-1.31034332735687,-0.444939931351773
99439.4394394394,-1.30921691694626,-0.443921124372463
99509.5095095095,-1.30808980632894,-0.442903889596405
99579.5795795796,-1.30696201279105,-0.441888237416912
99649.6496496497,-1.30583355352249,-0.440874178049205
99719.7197197197,-1.30470444561661,-0.439861721532
99789.7897897898,-1.30357470607001,-0.438850877728972
99859.8598598599,-1.30244435178264,-0.437841656330583
99929.9299299299,-1.30131339955741,-0.436834066855482
100000,-1.30018186610034,-0.435828118652235
