#1:Lon   2:Lat   3:Center(km)    4:Slip(cm)    5:Stri-Slip(cm)    6:Dip-slip(cm)    7:StriSlipErr(cm)   8:DipSlipErr(cm)
94.986433 2.922694 13.804553 7.655457 -0.765054 7.617133 0.000000 0.000000
95.393269 2.193235 8.276908 15.345874 1.012251 15.312452 0.000000 0.000000
94.341474 2.612119 6.650873 0.000140 -0.000087 0.000110 0.000000 0.000000
96.507662 2.024908 16.208838 237.055085 -20.921811 236.130030 0.000000 0.000000
95.231968 2.775392 14.436098 18.209933 -4.562494 -17.629104 0.000000 0.000000
94.684738 2.312682 5.881910 0.000087 -0.000072 0.000048 0.000000 0.000000
95.624371 1.895630 6.535523 0.000236 -0.000017 0.000236 0.000000 0.000000
96.962255 2.653871 42.405588 218.809063 -1.658434 218.802778 0.000000 0.000000
95.984640 4.000401 58.766440 0.000086 -0.000032 -0.000079 0.000000 0.000000
95.820787 2.797169 20.949913 6.874988 1.823171 6.628839 0.000000 0.000000
97.374376 2.631749 54.680134 66.935694 -2.554666 -66.886926 0.000000 0.000000
96.092242 2.044159 11.042467 241.474021 0.751433 241.472852 0.000000 0.000000
96.734422 3.566727 67.546578 0.000233 -0.000156 -0.000174 0.000000 0.000000
96.996165 0.295780 7.301531 0.000877 -0.000810 -0.000337 0.000000 0.000000
97.159340 1.838922 29.294508 506.044649 -167.423763 477.546302 0.000000 0.000000
98.000317 0.685669 31.619479 53.876775 -9.309863 53.066311 0.000000 0.000000
97.586040 1.022328 26.678758 361.722971 -60.496105 356.628278 0.000000 0.000000
96.973741 0.163518 6.140971 0.000678 -0.000658 -0.000164 0.000000 0.000000
97.961249 -0.365552 14.090705 37.475502 -36.443325 -8.734836 0.000000 0.000000
97.088629 -0.083445 6.058715 0.000628 -0.000563 -0.000277 0.000000 0.000000
97.885647 2.328573 72.416172 86.206547 -0.986334 -86.200904 0.000000 0.000000
97.317088 1.491850 28.371088 1586.513821 -355.610778 1546.145879 0.000000 0.000000
97.459973 1.262770 27.957842 979.696375 -155.516883 967.274256 0.000000 0.000000
96.725300 1.840007 17.846326 97.372512 -23.988874 94.371288 0.000000 0.000000
96.607699 1.252849 9.967169 256.556108 -49.628503 251.710247 0.000000 0.000000
96.928381 0.929933 11.792822 528.592415 -101.859095 518.685517 0.000000 0.000000
96.639893 2.505886 29.116772 652.051570 4.279882 652.037524 0.000000 0.000000
97.005271 2.813378 49.012042 54.152985 -1.888046 54.120062 0.000000 0.000000
95.899499 3.693669 48.128605 83.671522 -0.464078 -83.670235 0.000000 0.000000
95.478580 1.895496 5.768141 0.000074 -0.000053 0.000052 0.000000 0.000000
95.455750 2.488958 12.036550 1.448908 -1.406370 -0.348508 0.000000 0.000000
96.171779 2.357699 16.282405 470.002617 18.150021 469.652037 0.000000 0.000000
95.575709 2.347352 10.908013 51.564095 2.565326 51.500243 0.000000 0.000000
95.806796 2.049686 8.954544 135.266294 1.559215 135.257307 0.000000 0.000000
96.278831 1.709130 9.613897 12.562543 -1.252378 12.499961 0.000000 0.000000
95.583726 4.009866 45.793619 0.000359 -0.000309 -0.000183 0.000000 0.000000
94.203253 2.611871 5.763950 0.000108 -0.000085 0.000067 0.000000 0.000000
95.128376 2.924373 15.338724 5.935887 -1.057399 -5.840947 0.000000 0.000000
95.727901 2.352482 11.873692 116.794800 5.062592 116.685027 0.000000 0.000000
94.364271 3.092934 9.693291 0.000145 -0.000132 0.000061 0.000000 0.000000
94.123464 2.775039 6.571959 0.000124 -0.000106 0.000064 0.000000 0.000000
94.488192 3.083857 10.460594 0.000201 -0.000165 0.000115 0.000000 0.000000
95.253741 3.383740 23.902181 13.036471 -1.901045 -12.897116 0.000000 0.000000
95.276950 3.864882 32.845713 0.000729 -0.000681 0.000258 0.000000 0.000000
96.035721 3.097975 33.518262 12.587303 -2.653359 -12.304466 0.000000 0.000000
96.145095 3.545945 51.049863 93.651348 -6.779345 -93.405650 0.000000 0.000000
95.480670 3.692165 35.782056 32.800390 -2.130123 -32.731149 0.000000 0.000000
96.327916 3.699875 61.266704 0.000520 -0.000067 -0.000516 0.000000 0.000000
96.218418 3.251950 43.153356 71.548501 -11.753778 -70.576460 0.000000 0.000000
95.741218 3.087252 27.338220 31.457931 -5.134688 -31.036050 0.000000 0.000000
95.758195 2.501440 14.303585 86.014034 6.805733 85.744365 0.000000 0.000000
96.106573 3.395343 45.115716 104.704682 -7.946721 -104.402682 0.000000 0.000000
95.923864 3.241327 35.633580 67.240622 -8.622968 -66.685423 0.000000 0.000000
97.238168 2.639909 50.261430 5.802086 -2.912532 5.018103 0.000000 0.000000
96.186047 3.105197 37.182235 4.890810 -2.455850 4.229518 0.000000 0.000000
96.542811 1.686144 12.845149 48.110130 -1.683904 -48.080651 0.000000 0.000000
96.856529 0.407028 6.177999 0.000811 -0.000806 0.000091 0.000000 0.000000
97.475704 1.391269 31.022856 1232.139053 -157.150374 1222.076269 0.000000 0.000000
96.952159 1.184298 15.171522 887.658930 -192.132715 866.616060 0.000000 0.000000
97.218310 2.132383 36.534336 242.625834 -56.862611 235.868478 0.000000 0.000000
96.670667 1.671079 14.879654 27.216750 -20.289148 18.141168 0.000000 0.000000
97.557167 2.785238 66.621296 97.819400 -1.938859 -97.800183 0.000000 0.000000
97.085193 3.126706 61.979579 60.401948 -4.921870 -60.201084 0.000000 0.000000
97.008981 2.324493 34.153208 338.575725 -19.603725 338.007716 0.000000 0.000000
97.638514 2.608273 65.365843 114.842902 -2.139422 -114.822973 0.000000 0.000000
97.273060 2.301215 42.130749 157.592463 -33.749157 153.936281 0.000000 0.000000
97.766441 2.592963 71.857332 79.131073 -1.088617 -79.123585 0.000000 0.000000
97.840798 1.698472 51.987125 145.219177 -10.941720 144.806381 0.000000 0.000000
96.551561 3.412964 57.705022 53.902435 -8.206924 -53.273998 0.000000 0.000000
98.182745 0.839297 40.952510 84.656929 -6.066042 -84.439320 0.000000 0.000000
97.510667 3.114548 76.097850 0.000880 -0.000479 -0.000738 0.000000 0.000000
97.520266 2.021619 46.549005 124.443174 -36.000691 119.122012 0.000000 0.000000
97.142734 1.463903 23.147845 1504.612484 -370.329460 1458.326033 0.000000 0.000000
97.499616 1.645525 37.364643 803.482957 -177.969577 783.525170 0.000000 0.000000
97.325242 1.617631 30.880917 1224.074992 -299.325472 1186.913581 0.000000 0.000000
98.023420 1.851939 64.989893 44.392155 2.842018 -44.301087 0.000000 0.000000
97.768503 1.176002 34.929707 281.275452 -40.174000 278.391684 0.000000 0.000000
98.398916 0.342996 36.730339 44.939796 -11.288181 43.498991 0.000000 0.000000
98.133558 1.483099 56.519255 66.182768 1.236030 -66.171225 0.000000 0.000000
98.365213 0.992838 51.788103 151.194438 -5.688714 -151.087381 0.000000 0.000000
98.072814 2.606394 91.295752 0.000290 -0.000015 -0.000290 0.000000 0.000000
97.338387 0.471290 13.765405 55.521000 -12.322736 54.136232 0.000000 0.000000
97.908094 1.064692 36.782057 48.460779 -9.693419 47.481414 0.000000 0.000000
97.095099 0.955231 14.994290 683.912911 -136.086979 670.236677 0.000000 0.000000
98.022903 0.819857 35.131925 17.434960 -5.912858 -16.401705 0.000000 0.000000
98.839204 1.051255 75.954376 0.000951 -0.000935 -0.000173 0.000000 0.000000
97.788865 1.308792 38.788319 362.665157 -34.271663 361.042198 0.000000 0.000000
96.876787 0.539927 7.412837 0.001158 -0.001116 0.000309 0.000000 0.000000
97.223140 -0.197930 6.955339 0.000684 -0.000510 -0.000456 0.000000 0.000000
97.197866 -0.332044 5.950390 0.000547 -0.000486 -0.000250 0.000000 0.000000
98.606278 0.630314 52.135305 22.879908 -10.854265 -20.141379 0.000000 0.000000
98.644363 -0.017882 36.488048 0.002503 -0.002182 -0.001228 0.000000 0.000000
98.167579 -0.078088 21.035634 26.259875 -23.091288 12.504936 0.000000 0.000000
98.109411 0.437186 29.592624 173.826460 -25.467225 171.950745 0.000000 0.000000
98.804488 0.001931 42.879907 0.001847 -0.001679 0.000769 0.000000 0.000000
97.915294 -0.633196 12.047399 0.001909 -0.001905 -0.000113 0.000000 0.000000
98.946187 0.803516 73.615217 0.001417 -0.001401 0.000212 0.000000 0.000000
98.752983 1.433646 84.275276 0.000482 -0.000482 -0.000006 0.000000 0.000000
96.096405 1.555167 6.630593 0.000177 -0.000072 -0.000162 0.000000 0.000000
95.866980 1.730547 6.519265 0.000279 -0.000059 0.000273 0.000000 0.000000
96.142710 1.717048 8.392033 43.783746 -0.193796 43.783317 0.000000 0.000000
96.177953 1.378282 5.796674 0.000110 -0.000053 0.000096 0.000000 0.000000
95.727371 1.736127 5.723334 0.000082 -0.000066 0.000049 0.000000 0.000000
95.843440 2.203633 10.816226 206.267829 4.066334 206.227744 0.000000 0.000000
95.960295 1.563060 5.705626 0.000069 -0.000066 0.000021 0.000000 0.000000
96.049408 1.884553 9.093403 133.534414 -0.156773 133.534322 0.000000 0.000000
96.325165 1.871000 11.695633 74.686176 -5.361939 74.493453 0.000000 0.000000
95.989264 2.203712 11.956347 305.978914 6.401627 305.911940 0.000000 0.000000
96.461298 1.863053 13.421916 47.895117 -6.952130 47.387869 0.000000 0.000000
96.305791 1.363266 6.923144 0.000515 0.000016 -0.000515 0.000000 0.000000
96.794320 1.531360 15.952095 294.158885 -103.122952 275.490664 0.000000 0.000000
96.360363 1.532232 8.978927 24.645303 0.796319 -24.632435 0.000000 0.000000
96.587376 0.876538 6.200653 0.001288 -0.000505 0.001185 0.000000 0.000000
96.425307 1.098934 6.108829 0.000799 -0.000144 0.000786 0.000000 0.000000
96.429464 1.223585 7.229025 0.000985 -0.000215 0.000962 0.000000 0.000000
96.488210 1.517194 10.483897 23.208692 -4.672134 -22.733555 0.000000 0.000000
96.912714 0.801379 10.227726 267.250005 -61.760880 260.015690 0.000000 0.000000
96.611873 1.377495 11.166258 144.683870 -43.306603 138.050571 0.000000 0.000000
97.038864 0.560925 9.964776 73.918458 -20.412125 71.044237 0.000000 0.000000
96.730358 0.647484 6.201085 0.001080 -0.000864 0.000649 0.000000 0.000000
97.669665 -0.272165 11.189761 94.772192 -24.178187 91.636148 0.000000 0.000000
97.270919 0.070477 9.199328 25.857176 -6.163601 -25.111822 0.000000 0.000000
97.059138 0.693810 11.492135 193.417414 -41.560036 188.899602 0.000000 0.000000
97.403615 0.868585 19.910664 334.277966 -65.310258 327.835826 0.000000 0.000000
97.293225 1.237552 23.274922 1059.951065 -153.265064 1048.811747 0.000000 0.000000
96.972593 1.560547 20.255650 833.688640 -243.642628 797.292304 0.000000 0.000000
96.853167 1.824911 20.526367 258.645729 -73.166925 248.081064 0.000000 0.000000
96.769751 1.030439 10.285032 435.610582 -88.086451 426.611482 0.000000 0.000000
97.277517 1.109031 20.817052 850.110711 -142.261835 838.122778 0.000000 0.000000
97.134603 1.338105 21.116693 1220.353009 -269.297975 1190.268905 0.000000 0.000000
96.960269 1.310111 16.872354 824.018074 -195.468156 800.498586 0.000000 0.000000
96.595450 1.002372 7.431974 0.003612 -0.000829 0.003516 0.000000 0.000000
96.746009 0.776050 7.488614 0.002515 -0.001509 0.002013 0.000000 0.000000
96.826369 2.170744 25.566304 369.676621 -29.464020 368.500577 0.000000 0.000000
96.643809 2.016928 18.598743 227.854791 -28.512580 226.063793 0.000000 0.000000
96.777842 1.156264 11.700031 594.876365 -137.869510 578.679434 0.000000 0.000000
96.790127 1.406724 14.599952 342.556904 -85.830851 331.629760 0.000000 0.000000
95.910408 2.506535 15.777959 198.597369 16.820331 197.883783 0.000000 0.000000
95.660989 2.049577 8.140397 65.167903 1.164945 65.157490 0.000000 0.000000
95.909786 1.890158 8.145601 96.725243 0.295053 96.724793 0.000000 0.000000
96.231878 2.038525 12.422834 238.400344 0.676428 238.399384 0.000000 0.000000
96.414394 2.192452 17.190652 492.449158 -3.176087 492.438916 0.000000 0.000000
96.573741 2.819418 37.170782 337.242615 -1.066221 337.240929 0.000000 0.000000
96.872805 2.332554 30.525749 423.640974 -19.638088 423.185563 0.000000 0.000000
96.907836 1.993813 24.395648 269.814534 -61.831305 262.634294 0.000000 0.000000
97.191649 2.478164 43.933515 141.070871 -8.802261 140.795991 0.000000 0.000000
97.507795 1.771286 40.455522 466.960035 -112.303247 453.254514 0.000000 0.000000
96.354345 2.511636 22.694139 705.935218 13.950253 705.797366 0.000000 0.000000
96.596960 2.346325 23.951721 691.348791 9.447360 691.284238 0.000000 0.000000
96.779579 2.500134 32.573937 509.058704 -2.707904 509.051502 0.000000 0.000000
96.690208 2.178763 22.449440 441.034340 -30.182483 440.000349 0.000000 0.000000
97.055457 2.486273 39.930431 244.764850 -5.552020 244.701873 0.000000 0.000000
96.939245 3.126913 57.959206 52.556177 -5.099328 -52.308207 0.000000 0.000000
95.487990 2.635730 14.426708 31.529914 -11.116747 -29.505142 0.000000 0.000000
95.305519 2.481573 11.099306 3.940873 -1.419539 -3.676328 0.000000 0.000000
96.025937 2.357655 14.488188 365.461907 17.625868 365.036620 0.000000 0.000000
96.458252 2.968399 39.245816 154.230546 -0.513619 154.229690 0.000000 0.000000
96.274742 2.198121 15.130931 408.879421 7.548095 408.809744 0.000000 0.000000
96.457291 2.352032 21.082838 744.406196 27.264266 743.906744 0.000000 0.000000
95.049512 2.621168 11.151490 3.593521 0.058107 3.593051 0.000000 0.000000
95.210872 2.039100 5.834955 0.000065 -0.000052 0.000038 0.000000 0.000000
95.090905 2.180638 6.705448 0.000059 -0.000056 0.000017 0.000000 0.000000
95.545442 2.198395 9.036399 44.745730 1.757948 44.711184 0.000000 0.000000
94.867104 2.466928 8.480858 6.978897 0.272752 6.973565 0.000000 0.000000
94.828812 2.316331 6.749700 0.000099 -0.000063 0.000077 0.000000 0.000000
95.363026 2.044284 6.613524 0.000051 -0.000041 0.000030 0.000000 0.000000
95.273305 2.334807 9.211278 2.897804 0.470568 2.859341 0.000000 0.000000
95.123095 2.327394 8.418387 1.860431 0.556943 1.775111 0.000000 0.000000
94.581129 2.461548 6.742473 0.000141 -0.000073 0.000121 0.000000 0.000000
95.011196 2.470557 9.311962 4.444669 0.444320 4.422405 0.000000 0.000000
94.439247 2.459796 5.849656 0.000098 -0.000078 0.000060 0.000000 0.000000
94.940713 2.173204 5.867865 0.000073 -0.000062 0.000039 0.000000 0.000000
94.763499 2.615832 9.232652 13.461729 0.029340 13.461697 0.000000 0.000000
94.305805 2.929446 8.609865 0.000162 -0.000128 0.000099 0.000000 0.000000
95.193625 2.624771 12.145943 6.893391 -1.716907 -6.676157 0.000000 0.000000
94.621597 2.614100 8.362056 10.250130 0.042209 10.250043 0.000000 0.000000
94.523828 2.766463 8.926604 11.298558 -0.208844 11.296627 0.000000 0.000000
94.181902 2.938501 7.960510 0.000126 -0.000108 0.000064 0.000000 0.000000
94.385587 2.766233 8.108237 5.133089 -0.052304 5.132822 0.000000 0.000000
94.670631 3.238261 12.726781 0.000246 -0.000214 0.000120 0.000000 0.000000
94.803991 2.768402 10.819740 16.195325 -0.550727 16.185959 0.000000 0.000000
94.706228 2.920807 11.218075 15.387768 -2.362439 15.205337 0.000000 0.000000
95.376103 2.778965 15.779619 39.297993 -9.263484 -38.190576 0.000000 0.000000
94.945913 2.770110 11.907474 11.381138 -0.120341 11.380502 0.000000 0.000000
95.558632 2.933129 20.710204 68.469751 -14.095164 -67.003232 0.000000 0.000000
94.853124 3.392651 16.018009 0.000343 -0.000300 0.000165 0.000000 0.000000
95.310893 3.078612 20.012488 31.904777 -2.945175 -31.768549 0.000000 0.000000
94.750393 3.074962 12.618538 10.953446 -1.564317 10.841167 0.000000 0.000000
95.168926 3.076967 17.868081 10.850156 -0.772354 -10.822631 0.000000 0.000000
95.414476 2.929591 18.826651 52.223901 -12.502644 -50.705224 0.000000 0.000000
95.779660 3.237875 32.339935 59.193114 -10.201582 -58.307396 0.000000 0.000000
93.999580 2.784076 5.782060 0.000118 -0.000098 0.000066 0.000000 0.000000
94.567966 2.920600 10.195534 11.170142 -0.758016 11.144392 0.000000 0.000000
94.888677 3.075141 14.117283 10.699137 -2.722550 10.346944 0.000000 0.000000
95.071180 3.229455 18.192172 1.801856 -1.457673 1.059185 0.000000 0.000000
94.729164 3.401785 14.267992 0.000270 -0.000243 0.000119 0.000000 0.000000
94.932873 3.229308 15.975543 6.643187 -1.551171 6.459551 0.000000 0.000000
95.619051 3.692186 39.941593 58.665879 -1.704745 -58.641105 0.000000 0.000000
94.546691 3.247365 11.591377 0.000188 -0.000173 0.000072 0.000000 0.000000
94.911696 3.556184 18.407947 0.000419 -0.000364 0.000207 0.000000 0.000000
95.218291 3.701346 28.125835 0.000594 -0.000548 0.000229 0.000000 0.000000
95.846204 4.000489 54.098400 0.000307 -0.000033 -0.000305 0.000000 0.000000
95.459680 4.019162 41.951975 0.000566 -0.000559 0.000089 0.000000 0.000000
95.094290 3.710553 24.662140 0.000622 -0.000550 0.000291 0.000000 0.000000
95.597038 3.083755 24.737834 50.538139 -10.794124 -49.371959 0.000000 0.000000
95.400974 3.855633 36.691517 0.000567 -0.000565 0.000045 0.000000 0.000000
95.436363 3.537987 31.349603 34.091840 -2.130543 -34.025202 0.000000 0.000000
95.035676 3.547016 21.016423 0.000484 -0.000426 0.000231 0.000000 0.000000
95.115410 3.383631 20.843114 1.953640 -1.644281 -1.055012 0.000000 0.000000
95.298008 3.537920 27.539185 14.227266 -2.106497 -14.070457 0.000000 0.000000
95.351476 3.231210 23.395646 29.858372 -1.159320 -29.835857 0.000000 0.000000
95.534085 3.385414 30.554392 52.835386 -1.136612 -52.823159 0.000000 0.000000
95.801809 3.846327 48.969944 47.631008 -0.526791 -47.628095 0.000000 0.000000
95.716758 3.539570 39.011249 85.968357 -1.018842 -85.962320 0.000000 0.000000
95.858799 3.541084 42.921015 102.378600 -3.182601 -102.329120 0.000000 0.000000
95.962343 3.391942 41.259913 102.982970 -13.568669 -102.085176 0.000000 0.000000
96.289351 3.549290 55.268969 67.238299 -3.466392 -67.148886 0.000000 0.000000
95.642484 4.173384 51.553239 0.000108 -0.000104 -0.000029 0.000000 0.000000
95.663401 3.846358 44.692698 40.154822 -1.231171 -40.135944 0.000000 0.000000
95.766554 4.164036 55.580773 0.000051 -0.000016 -0.000049 0.000000 0.000000
96.082311 3.847700 57.911029 0.000449 -0.000034 -0.000447 0.000000 0.000000
96.224406 3.849101 62.556977 0.000123 -0.000066 -0.000104 0.000000 0.000000
96.041566 3.695129 52.401650 68.743049 -1.416297 -68.728458 0.000000 0.000000
96.472201 3.703160 65.401755 0.000158 -0.000088 -0.000131 0.000000 0.000000
97.006664 3.429618 70.133036 0.000430 -0.000330 -0.000275 0.000000 0.000000
96.823790 3.275966 59.951503 48.548298 -6.575840 -48.100889 0.000000 0.000000
96.401181 3.405856 53.528002 75.592744 -10.144685 -74.908934 0.000000 0.000000
96.584014 3.559684 63.581041 0.000569 -0.000190 -0.000536 0.000000 0.000000
96.640988 3.122223 49.719207 10.693993 -2.097244 -10.486327 0.000000 0.000000
96.854302 3.424846 65.790743 0.000734 -0.000320 -0.000661 0.000000 0.000000
96.671457 3.271127 55.831320 53.543009 -7.084979 -53.072186 0.000000 0.000000
96.902386 2.973059 51.665805 6.721387 -2.357026 6.294559 0.000000 0.000000
97.144993 2.807525 52.864800 24.947785 -3.002694 -24.766425 0.000000 0.000000
96.756461 2.973206 47.545989 69.790435 -1.571010 69.772751 0.000000 0.000000
97.327795 2.961087 63.655567 83.704585 -3.510800 -83.630927 0.000000 0.000000
95.676100 3.386976 34.056502 71.109469 -2.507142 -71.065258 0.000000 0.000000
95.493466 3.232816 26.237439 45.530362 -2.693343 -45.450630 0.000000 0.000000
96.123321 2.809494 26.217560 204.311685 8.748126 204.124312 0.000000 0.000000
96.368770 3.259118 47.346535 64.070581 -8.790022 -63.464753 0.000000 0.000000
96.275579 2.814503 29.581002 310.999144 2.749359 310.986991 0.000000 0.000000
96.488681 3.117322 45.411443 8.542608 -1.948007 8.317537 0.000000 0.000000
95.638243 2.643082 15.728063 24.473778 -8.134408 -23.082401 0.000000 0.000000
95.853087 2.943940 25.295976 10.840460 2.938082 10.434713 0.000000 0.000000
95.940731 2.655491 19.187823 140.329299 16.931800 139.304079 0.000000 0.000000
95.670512 2.789855 18.964527 58.436892 -19.030965 -55.251179 0.000000 0.000000
96.092966 2.660546 21.569073 276.188747 17.867632 275.610181 0.000000 0.000000
96.003387 2.951211 28.182373 60.236819 4.805990 60.044790 0.000000 0.000000
96.208484 2.511632 19.953426 515.493340 19.293135 515.132176 0.000000 0.000000
96.536965 2.665515 31.226979 567.522214 0.569178 567.521929 0.000000 0.000000
96.305970 2.963441 35.209788 144.732926 0.492923 144.732086 0.000000 0.000000
96.391084 2.665557 27.673228 576.628239 2.519819 576.622733 0.000000 0.000000
96.719644 2.819326 41.163190 253.624098 -1.385856 253.620312 0.000000 0.000000
96.822552 2.659671 38.676552 342.732463 -1.235444 342.730236 0.000000 0.000000
97.110785 1.083770 16.957990 913.105363 -141.330108 902.101549 0.000000 0.000000
97.241517 0.847647 16.377111 416.083503 -73.815252 409.483565 0.000000 0.000000
97.423929 1.001429 22.386904 500.354546 -73.603466 494.911306 0.000000 0.000000
97.851875 -0.118281 14.694445 59.575028 -50.040325 32.328777 0.000000 0.000000
97.606377 1.155148 29.791826 525.676140 -64.589321 521.693036 0.000000 0.000000
97.725642 0.911036 28.276662 144.630850 -22.663679 142.844112 0.000000 0.000000
97.825013 1.570026 47.321486 272.015938 -30.938011 270.250828 0.000000 0.000000
97.642471 1.416438 36.715452 762.984295 -108.063981 755.292798 0.000000 0.000000
98.547723 1.146283 64.222244 119.510898 -5.192002 -119.398064 0.000000 0.000000
97.951007 1.329595 44.857351 98.692512 -11.194577 98.055562 0.000000 0.000000
97.682192 1.799120 48.303929 219.764289 -48.236724 214.405133 0.000000 0.000000
97.658228 1.544912 40.547411 624.893095 -62.905710 621.718788 0.000000 0.000000
97.873057 2.078336 64.975177 44.022170 0.336656 -44.020883 0.000000 0.000000
97.690399 1.924857 51.955698 100.424306 -23.885809 97.542347 0.000000 0.000000
97.155103 1.714311 27.265273 837.595589 -241.526942 802.016899 0.000000 0.000000
96.976808 1.685172 21.863249 616.416652 -212.381453 578.674008 0.000000 0.000000
97.090421 2.147552 32.559879 303.330693 -63.738628 296.558421 0.000000 0.000000
97.035713 1.978682 27.761765 330.357175 -80.714801 320.345102 0.000000 0.000000
97.524556 2.146194 49.315567 52.306354 -19.060689 48.709802 0.000000 0.000000
97.337659 1.868004 36.001031 393.973537 -109.667153 378.402251 0.000000 0.000000
97.341922 1.992599 38.442744 243.012582 -83.852476 228.087433 0.000000 0.000000
97.400961 2.286002 46.805719 61.208909 -15.519683 59.208698 0.000000 0.000000
97.370905 3.120521 70.761544 0.001388 -0.000482 -0.001301 0.000000 0.000000
97.603782 2.946898 74.213033 0.001610 -0.000332 -0.001576 0.000000 0.000000
97.268070 3.280256 72.979502 0.000671 -0.000481 -0.000467 0.000000 0.000000
97.122098 3.280529 68.314169 0.001010 -0.000424 -0.000917 0.000000 0.000000
97.188054 2.966998 59.538935 78.477240 -6.473714 -78.209770 0.000000 0.000000
98.068428 2.481894 87.651976 0.000756 0.000019 -0.000756 0.000000 0.000000
97.740027 2.938621 80.724885 0.000831 -0.000197 -0.000807 0.000000 0.000000
97.420941 2.793454 61.400136 108.666690 -2.735945 -108.632243 0.000000 0.000000
97.821337 2.761650 79.624637 0.001249 -0.000052 -0.001248 0.000000 0.000000
97.949278 2.746284 87.098949 0.000513 0.000015 -0.000513 0.000000 0.000000
97.455756 2.454792 53.027190 43.515371 -4.948959 -43.233035 0.000000 0.000000
97.583670 2.439532 58.491739 96.397180 -2.994734 -96.350651 0.000000 0.000000
97.702927 2.175145 58.756833 31.970805 -4.356240 -31.672631 0.000000 0.000000
97.707247 2.299697 61.711533 83.234297 -2.772973 -83.188093 0.000000 0.000000
97.864820 1.952625 60.940604 7.867866 -1.778773 -7.664156 0.000000 0.000000
98.047505 2.106031 74.862550 65.893742 1.239298 -65.882087 0.000000 0.000000
97.971398 1.462354 49.558560 79.641727 -5.519931 79.450205 0.000000 0.000000
98.007605 1.723524 59.688183 9.496176 0.800677 -9.462361 0.000000 0.000000
98.190249 1.876923 73.374971 70.480843 2.898506 -70.421218 0.000000 0.000000
98.206097 2.005303 79.213055 56.510394 2.336199 -56.462083 0.000000 0.000000
97.889999 2.453101 75.687868 69.158227 -0.924452 -69.152048 0.000000 0.000000
98.230248 2.259330 90.094880 0.000567 0.000056 -0.000564 0.000000 0.000000
98.498812 1.789803 84.271721 0.000590 0.000012 -0.000590 0.000000 0.000000
98.055773 2.231714 79.348845 61.639577 0.604794 -61.636610 0.000000 0.000000
98.372950 2.030214 88.237439 0.000587 0.000028 -0.000586 0.000000 0.000000
98.238551 2.384980 95.126315 0.000229 0.000020 -0.000228 0.000000 0.000000
98.388832 2.158556 94.632969 0.000238 0.000006 -0.000238 0.000000 0.000000
98.519302 1.922446 90.842290 0.000165 -0.000004 -0.000164 0.000000 0.000000
98.336613 1.769190 75.828786 66.585384 1.992477 -66.555566 0.000000 0.000000
98.615708 1.546411 80.905179 0.000535 -0.000200 -0.000496 0.000000 0.000000
98.638353 1.678400 86.961373 0.000165 -0.000156 -0.000053 0.000000 0.000000
98.788728 0.783778 64.869359 27.438178 -8.760955 -26.001910 0.000000 0.000000
98.153980 1.615823 61.983239 76.639661 2.447571 -76.600568 0.000000 0.000000
98.570393 1.280353 69.481324 89.597377 -3.350164 -89.534721 0.000000 0.000000
98.864676 1.185064 81.903042 0.000739 -0.000738 0.000044 0.000000 0.000000
98.068038 1.086154 42.699167 78.231228 -3.461136 -78.154626 0.000000 0.000000
98.316159 1.636505 69.738764 92.087066 1.583612 -92.073449 0.000000 0.000000
98.273126 1.371748 58.713693 132.330389 -0.874126 -132.327502 0.000000 0.000000
98.455713 1.525129 72.125504 82.190547 -0.550728 -82.188702 0.000000 0.000000
98.433102 1.393096 66.564418 117.752341 -1.943108 -117.736308 0.000000 0.000000
98.090588 1.218266 46.915849 69.433222 -3.051164 -69.366150 0.000000 0.000000
98.317188 0.724784 43.137267 57.060353 -7.395812 -56.579023 0.000000 0.000000
98.250547 1.239674 53.811496 144.948370 -2.399268 -144.928511 0.000000 0.000000
98.205357 0.973449 44.979776 127.532596 -4.906638 -127.438173 0.000000 0.000000
98.499641 0.878312 54.368683 109.926318 -7.299103 -109.683721 0.000000 0.000000
98.387852 1.126951 56.403141 158.574189 -4.532940 -158.509387 0.000000 0.000000
98.474229 0.744411 49.745113 70.055123 -8.405627 -69.549017 0.000000 0.000000
98.730280 1.299622 78.412508 0.000703 -0.000586 -0.000388 0.000000 0.000000
98.682136 1.031742 67.204762 71.198007 -5.735998 -70.966574 0.000000 0.000000
98.971220 0.937136 79.461711 0.001143 -0.001132 0.000156 0.000000 0.000000
99.079445 0.689856 77.328003 0.001775 -0.001727 0.000409 0.000000 0.000000
98.690469 0.249472 45.058113 17.149089 -15.562249 7.204698 0.000000 0.000000
99.055261 0.556469 71.457091 0.002244 -0.002083 0.000834 0.000000 0.000000
99.169391 0.309015 68.982956 0.002692 -0.002363 0.001289 0.000000 0.000000
98.872847 0.403021 57.255101 27.557364 -14.840153 23.220210 0.000000 0.000000
99.009052 0.289302 60.038868 0.002811 -0.002606 0.001053 0.000000 0.000000
99.191448 0.442743 75.119339 0.002387 -0.002147 0.001043 0.000000 0.000000
98.134773 0.571166 33.305268 84.744824 -13.338398 83.688543 0.000000 0.000000
98.462062 -0.171606 27.319517 0.010255 -0.008334 -0.005975 0.000000 0.000000
98.826691 0.135758 47.314620 0.002528 -0.002368 0.000885 0.000000 0.000000
98.325809 -0.057893 25.448935 44.362352 -7.561855 -43.713117 0.000000 0.000000
98.987022 0.155523 54.769467 0.002456 -0.002418 0.000427 0.000000 0.000000
98.896998 0.536459 62.536941 19.523248 -13.121522 14.456240 0.000000 0.000000
98.423865 0.476752 40.959355 24.092073 -9.646437 22.076554 0.000000 0.000000
98.532226 0.229358 38.584247 22.555290 -15.297692 -16.574732 0.000000 0.000000
98.656695 0.897885 61.966240 75.023340 -8.065396 -74.588544 0.000000 0.000000
98.581301 0.496599 47.484343 17.544050 -12.493159 12.317251 0.000000 0.000000
98.714594 0.382956 49.729193 29.138722 -16.532401 23.994683 0.000000 0.000000
98.763724 0.650109 59.661994 13.485789 -12.182694 -5.783464 0.000000 0.000000
97.885572 0.932547 33.242080 33.323167 -7.019408 32.575472 0.000000 0.000000
97.520750 0.625105 18.926472 110.604608 -21.787163 108.437534 0.000000 0.000000
97.635561 0.378191 17.610073 159.507850 -21.307290 158.078315 0.000000 0.000000
97.927054 0.283455 21.810523 300.477773 -33.067811 298.652661 0.000000 0.000000
97.156052 0.317425 9.631108 8.217351 -7.173721 -4.007817 0.000000 0.000000
97.221225 0.714781 14.440053 225.220808 -50.779868 219.421551 0.000000 0.000000
97.840486 0.666183 26.808610 109.976363 -15.288130 108.908556 0.000000 0.000000
97.360845 0.603516 15.618584 108.297358 -20.179837 106.400620 0.000000 0.000000
97.703144 0.778861 25.355638 118.387440 -22.071547 116.311791 0.000000 0.000000
97.543227 0.757308 21.281494 160.146533 -26.002364 158.021483 0.000000 0.000000
97.178492 0.449670 11.059514 33.934273 -11.418876 31.955346 0.000000 0.000000
97.405421 -0.044008 9.914818 17.515273 -7.853418 -15.655946 0.000000 0.000000
97.744657 0.129657 15.989629 186.914976 -41.454996 182.259956 0.000000 0.000000
97.475750 0.358631 14.667863 71.398489 -13.787216 70.054671 0.000000 0.000000
97.817923 0.531964 23.823496 172.853139 -24.263938 171.141664 0.000000 0.000000
97.658103 0.512438 20.015503 141.411086 -17.228493 140.357666 0.000000 0.000000
98.059147 0.169376 22.755302 253.149688 -34.104782 250.841839 0.000000 0.000000
97.770042 0.263701 18.306868 251.006517 -29.499797 249.266993 0.000000 0.000000
98.216565 0.189309 27.334686 140.474286 -20.683962 138.943150 0.000000 0.000000
97.952391 0.417469 24.921721 246.357528 -23.395764 245.244103 0.000000 0.000000
98.291802 0.590841 39.002471 16.310229 -8.718560 13.784421 0.000000 0.000000
98.241491 0.323103 31.060810 134.850398 -17.789037 133.671912 0.000000 0.000000
97.694468 -0.138276 12.454539 65.717257 -22.840340 61.620424 0.000000 0.000000
97.587653 0.109873 13.481820 74.242440 -24.534829 70.071265 0.000000 0.000000
97.778998 -0.519468 11.015279 43.772255 -16.242255 40.647256 0.000000 0.000000
97.380134 -0.178102 8.756005 8.206480 -5.611106 5.988472 0.000000 0.000000
97.562352 -0.024199 11.866445 27.788071 -16.181486 22.590626 0.000000 0.000000
97.111121 0.050868 7.143891 0.000994 -0.000701 -0.000705 0.000000 0.000000
97.305157 -0.580062 5.888080 0.000567 -0.000526 -0.000213 0.000000 0.000000
97.512261 -0.292182 9.442854 52.722705 -13.060532 51.079410 0.000000 0.000000
97.453228 0.224358 12.856850 30.188026 -14.232767 26.622270 0.000000 0.000000
97.293425 0.204771 10.525985 18.193355 -8.840586 -15.901013 0.000000 0.000000
97.893380 -0.767206 11.294491 0.001574 -0.001458 -0.000593 0.000000 0.000000
97.487404 -0.426095 8.507009 30.034519 -10.010658 28.317116 0.000000 0.000000
97.596762 -0.673429 8.529008 10.027656 -5.551284 8.350876 0.000000 0.000000
97.550849 -0.941176 6.903017 0.000887 -0.000750 -0.000475 0.000000 0.000000
97.330003 -0.446129 6.815211 0.000624 -0.000612 -0.000123 0.000000 0.000000
97.414533 -0.827426 5.894911 0.000678 -0.000609 -0.000298 0.000000 0.000000
97.438541 -0.693717 6.802700 0.000775 -0.000712 -0.000306 0.000000 0.000000
97.528954 -1.075235 5.962367 0.000846 -0.000707 -0.000464 0.000000 0.000000
97.711163 -0.921203 8.766991 0.001064 -0.000923 -0.000530 0.000000 0.000000
98.440101 -0.305516 24.456590 0.009523 -0.009447 -0.001204 0.000000 0.000000
98.622381 -0.151751 32.778597 0.003516 -0.002493 -0.002479 0.000000 0.000000
97.620779 -0.539741 9.306186 30.673752 -11.434381 28.462853 0.000000 0.000000
97.733068 -0.787167 9.485193 0.001210 -0.001094 -0.000517 0.000000 0.000000
98.257843 -0.459353 18.330715 0.004965 -0.004937 0.000530 0.000000 0.000000
97.803027 -0.385805 11.963008 71.813516 -29.343509 65.544943 0.000000 0.000000
98.034241 0.035546 19.876178 163.588495 -43.041565 157.824648 0.000000 0.000000
97.876762 0.015580 16.614160 158.929980 -51.364123 150.401016 0.000000 0.000000
98.143518 -0.211690 18.636535 49.127971 -25.381713 -42.063360 0.000000 0.000000
98.097530 -0.479272 15.313684 0.003448 -0.003426 -0.000392 0.000000 0.000000
98.508125 0.095831 34.448895 57.129481 -10.703898 -56.117771 0.000000 0.000000
98.349889 0.075673 28.868862 31.199382 -1.403032 -31.167818 0.000000 0.000000
97.985293 -0.231917 15.557363 78.792753 -52.839347 -58.449135 0.000000 0.000000
98.075605 -0.613252 14.218107 0.002585 -0.002540 -0.000483 0.000000 0.000000
98.279786 -0.325406 20.186908 0.007353 -0.007106 0.001890 0.000000 0.000000
