#clon,clat,depth[km],length[km],width[km],strike,dip,rake,slip[m]
101.451033 -5.833565 6.391731 20000.000 20000.000 -39.940000 8.000000 0.000000 0.000000
101.335103 -5.695367 6.391731 20000.000 20000.000 -39.750000 8.000000 0.000000 0.000000
101.219693 -5.556709 6.391731 20000.000 20000.000 -39.560000 8.000000 0.000000 0.000000
101.104307 -5.418008 6.391731 20000.000 20000.000 -39.780000 8.000000 0.000000 0.000000
100.988609 -5.279548 6.391731 20000.000 20000.000 -39.860000 8.000000 0.000000 0.000000
100.869831 -5.143778 6.391731 20000.000 20000.000 -42.420000 8.000000 0.000000 0.000000
100.748100 -5.010587 6.391731 20000.000 20000.000 -42.400000 8.000000 0.000000 0.000000
100.626510 -4.877251 6.391731 20000.000 20000.000 -42.340000 8.000000 0.000000 0.000000
100.505352 -4.743505 6.391731 20000.000 20000.000 -42.070000 8.000000 0.000000 0.000000
100.384681 -4.609305 6.391731 20000.000 20000.000 -41.970000 8.000000 0.000000 0.000000
100.264411 -4.474731 6.391731 20000.000 20000.000 -41.760000 8.000000 0.000000 0.000000
100.149475 -4.335684 6.391731 20000.000 20000.000 -37.580000 8.000000 0.000000 0.000000
100.040087 -4.192036 6.391731 20000.000 20000.000 -37.220000 8.000000 0.000000 0.000000
99.931585 -4.047707 6.391731 20000.000 20000.000 -36.900000 8.000000 0.000000 0.000000
99.823756 -3.902866 6.391731 20000.000 20000.000 -36.710000 8.000000 0.000000 0.000000
99.715967 -3.757994 6.391731 20000.000 20000.000 -36.900000 8.000000 0.000000 0.000000
99.607600 -3.613558 6.391731 20000.000 20000.000 -37.190000 8.000000 0.000000 0.000000
99.497984 -3.470084 6.391731 20000.000 20000.000 -37.920000 8.000000 0.000000 0.000000
99.386915 -3.327743 6.391731 20000.000 20000.000 -38.380000 8.000000 0.000000 0.000000
99.274950 -3.186116 6.391731 20000.000 20000.000 -38.670000 8.000000 0.000000 0.000000
99.162533 -3.044859 6.391731 20000.000 20000.000 -38.770000 8.000000 0.000000 0.000000
99.049382 -2.904205 6.391731 20000.000 20000.000 -39.290000 8.000000 0.000000 0.000000
98.930067 -2.769011 6.391731 20000.000 20000.000 -44.020000 8.000000 0.000000 0.000000
98.804645 -2.639325 6.391731 20000.000 20000.000 -44.530000 8.000000 0.000000 0.000000
98.678189 -2.510672 6.391731 20000.000 20000.000 -44.960000 8.000000 0.000000 0.000000
98.551331 -2.382433 6.391731 20000.000 20000.000 -44.910000 8.000000 0.000000 0.000000
98.424841 -2.253844 6.391731 20000.000 20000.000 -44.640000 8.000000 0.000000 0.000000
98.299356 -2.124285 6.391731 20000.000 20000.000 -44.020000 8.000000 0.000000 0.000000
98.177199 -1.991617 6.391731 20000.000 20000.000 -41.740000 8.000000 0.000000 0.000000
98.062334 -1.852631 6.391731 20000.000 20000.000 -37.870000 8.000000 0.000000 0.000000
97.953100 -1.709033 6.391731 20000.000 20000.000 -37.090000 8.000000 0.000000 0.000000
97.846197 -1.563705 6.391731 20000.000 20000.000 -36.010000 8.000000 0.000000 0.000000
97.739251 -1.418437 6.391731 20000.000 20000.000 -37.130000 8.000000 0.000000 0.000000
101.591564 -5.722612 9.175193 20000.000 20000.000 -39.940000 8.000000 0.000000 0.000000
101.475631 -5.584476 9.175193 20000.000 20000.000 -39.750000 8.000000 0.000000 0.000000
101.360216 -5.445879 9.175193 20000.000 20000.000 -39.560000 8.000000 0.000000 0.000000
101.244827 -5.307236 9.175193 20000.000 20000.000 -39.780000 8.000000 0.000000 0.000000
101.129124 -5.168833 9.175193 20000.000 20000.000 -39.860000 8.000000 0.000000 0.000000
101.010343 -5.033118 9.175193 20000.000 20000.000 -42.420000 8.000000 0.000000 0.000000
100.888608 -4.899982 9.175193 20000.000 20000.000 -42.400000 8.000000 0.000000 0.000000
100.767014 -4.766699 9.175193 20000.000 20000.000 -42.340000 8.000000 0.000000 0.000000
100.645852 -4.633005 9.175193 20000.000 20000.000 -42.070000 8.000000 0.000000 0.000000
100.525176 -4.498854 9.175193 20000.000 20000.000 -41.970000 8.000000 0.000000 0.000000
100.404902 -4.364327 9.175193 20000.000 20000.000 -41.760000 8.000000 0.000000 0.000000
100.289959 -4.225324 9.175193 20000.000 20000.000 -37.580000 8.000000 69.000000 0.114585
100.180563 -4.081716 9.175193 20000.000 20000.000 -37.220000 8.000000 69.000000 0.286773
100.072051 -3.937425 9.175193 20000.000 20000.000 -36.900000 8.000000 69.000000 0.366760
99.964214 -3.792620 9.175193 20000.000 20000.000 -36.710000 8.000000 69.000000 0.242877
99.856415 -3.647782 9.175193 20000.000 20000.000 -36.900000 8.000000 69.000000 0.009765
99.748039 -3.503378 9.175193 20000.000 20000.000 -37.190000 8.000000 0.000000 0.000000
99.638413 -3.359935 9.175193 20000.000 20000.000 -37.920000 8.000000 0.000000 0.000000
99.527335 -3.217623 9.175193 20000.000 20000.000 -38.380000 8.000000 0.000000 0.000000
99.415362 -3.076025 9.175193 20000.000 20000.000 -38.670000 8.000000 0.000000 0.000000
99.302936 -2.934793 9.175193 20000.000 20000.000 -38.770000 8.000000 0.000000 0.000000
99.189775 -2.794164 9.175193 20000.000 20000.000 -39.290000 8.000000 0.000000 0.000000
99.070452 -2.658995 9.175193 20000.000 20000.000 -44.020000 8.000000 0.000000 0.000000
98.945023 -2.529335 9.175193 20000.000 20000.000 -44.530000 8.000000 0.000000 0.000000
98.818559 -2.400706 9.175193 20000.000 20000.000 -44.960000 8.000000 0.000000 0.000000
98.691693 -2.272490 9.175193 20000.000 20000.000 -44.910000 8.000000 0.000000 0.000000
98.565195 -2.143922 9.175193 20000.000 20000.000 -44.640000 8.000000 0.000000 0.000000
98.439701 -2.014382 9.175193 20000.000 20000.000 -44.020000 8.000000 0.000000 0.000000
98.317535 -1.881728 9.175193 20000.000 20000.000 -41.740000 8.000000 0.000000 0.000000
98.202658 -1.742754 9.175193 20000.000 20000.000 -37.870000 8.000000 0.000000 0.000000
98.093411 -1.599163 9.175193 20000.000 20000.000 -37.090000 8.000000 0.000000 0.000000
97.986496 -1.453838 9.175193 20000.000 20000.000 -36.010000 8.000000 0.000000 0.000000
97.879537 -1.308572 9.175193 20000.000 20000.000 -37.130000 8.000000 0.000000 0.000000
101.732051 -5.611621 11.958655 20000.000 20000.000 -39.940000 8.000000 0.000000 0.000000
101.616115 -5.473547 11.958655 20000.000 20000.000 -39.750000 8.000000 159.000000 0.026897
101.500698 -5.335009 11.958655 20000.000 20000.000 -39.560000 8.000000 159.000000 0.057884
101.385305 -5.196424 11.958655 20000.000 20000.000 -39.780000 8.000000 159.000000 0.031081
101.269598 -5.058077 11.958655 20000.000 20000.000 -39.860000 8.000000 0.000000 0.000000
101.150814 -4.922417 11.958655 20000.000 20000.000 -42.420000 8.000000 0.000000 0.000000
101.029077 -4.789336 11.958655 20000.000 20000.000 -42.400000 8.000000 0.000000 0.000000
100.907481 -4.656105 11.958655 20000.000 20000.000 -42.340000 8.000000 0.000000 0.000000
100.786315 -4.522461 11.958655 20000.000 20000.000 -42.070000 8.000000 69.000000 0.023936
100.665635 -4.388359 11.958655 20000.000 20000.000 -41.970000 8.000000 69.000000 0.140629
100.545357 -4.253879 11.958655 20000.000 20000.000 -41.760000 8.000000 69.000000 0.307832
100.430408 -4.114919 11.958655 20000.000 20000.000 -37.580000 8.000000 69.000000 0.609000
100.321005 -3.971351 11.958655 20000.000 20000.000 -37.220000 8.000000 69.000000 0.981498
100.212485 -3.827097 11.958655 20000.000 20000.000 -36.900000 8.000000 69.000000 1.204241
100.104640 -3.682328 11.958655 20000.000 20000.000 -36.710000 8.000000 69.000000 1.005417
99.996832 -3.537523 11.958655 20000.000 20000.000 -36.900000 8.000000 69.000000 0.422922
99.888449 -3.393151 11.958655 20000.000 20000.000 -37.190000 8.000000 69.000000 0.108334
99.778814 -3.249739 11.958655 20000.000 20000.000 -37.920000 8.000000 69.000000 0.137427
99.667728 -3.107456 11.958655 20000.000 20000.000 -38.380000 8.000000 0.000000 0.000000
99.555747 -2.965885 11.958655 20000.000 20000.000 -38.670000 8.000000 0.000000 0.000000
99.443312 -2.824679 11.958655 20000.000 20000.000 -38.770000 8.000000 0.000000 0.000000
99.330143 -2.684074 11.958655 20000.000 20000.000 -39.290000 8.000000 0.000000 0.000000
99.210813 -2.548930 11.958655 20000.000 20000.000 -44.020000 8.000000 0.000000 0.000000
99.085377 -2.419295 11.958655 20000.000 20000.000 -44.530000 8.000000 0.000000 0.000000
98.958906 -2.290689 11.958655 20000.000 20000.000 -44.960000 8.000000 0.000000 0.000000
98.832033 -2.162495 11.958655 20000.000 20000.000 -44.910000 8.000000 0.000000 0.000000
98.705527 -2.033947 11.958655 20000.000 20000.000 -44.640000 8.000000 0.000000 0.000000
98.580025 -1.904425 11.958655 20000.000 20000.000 -44.020000 8.000000 0.000000 0.000000
98.457850 -1.771786 11.958655 20000.000 20000.000 -41.740000 8.000000 0.000000 0.000000
98.342963 -1.632822 11.958655 20000.000 20000.000 -37.870000 8.000000 0.000000 0.000000
98.233705 -1.489237 11.958655 20000.000 20000.000 -37.090000 8.000000 0.000000 0.000000
98.126778 -1.343916 11.958655 20000.000 20000.000 -36.010000 8.000000 0.000000 0.000000
98.019807 -1.198652 11.958655 20000.000 20000.000 -37.130000 8.000000 0.000000 0.000000
101.872120 -5.500891 15.077179 20000.000 20000.000 -39.940000 9.940000 0.000000 0.000000
101.756183 -5.362878 15.077179 20000.000 20000.000 -39.750000 9.940000 159.000000 0.188870
101.640763 -5.224399 15.077179 20000.000 20000.000 -39.560000 9.940000 159.000000 0.235282
101.525367 -5.085872 15.077179 20000.000 20000.000 -39.780000 9.940000 159.000000 0.144954
101.409659 -4.947580 15.077179 20000.000 20000.000 -39.860000 9.940000 159.000000 0.067195
101.290872 -4.811975 15.077179 20000.000 20000.000 -42.420000 9.940000 159.000000 0.055303
101.169134 -4.678947 15.077179 20000.000 20000.000 -42.400000 9.940000 159.000000 0.037409
101.047535 -4.545768 15.077179 20000.000 20000.000 -42.340000 9.940000 69.000000 0.197464
100.926368 -4.412174 15.077179 20000.000 20000.000 -42.070000 9.940000 69.000000 0.600073
100.805685 -4.278119 15.077179 20000.000 20000.000 -41.970000 9.940000 69.000000 0.952987
100.685403 -4.143685 15.077179 20000.000 20000.000 -41.760000 9.940000 69.000000 1.185612
100.570449 -4.004767 15.077179 20000.000 20000.000 -37.580000 9.940000 73.528160 1.495335
100.461039 -3.861239 15.077179 20000.000 20000.000 -37.220000 9.940000 80.710400 1.970043
100.352513 -3.717023 15.077179 20000.000 20000.000 -36.900000 9.940000 84.065350 2.415979
100.244660 -3.572288 15.077179 20000.000 20000.000 -36.710000 9.940000 84.331330 2.310189
100.136846 -3.427517 15.077179 20000.000 20000.000 -36.900000 9.940000 84.945840 1.423042
100.028455 -3.283177 15.077179 20000.000 20000.000 -37.190000 9.940000 77.992060 0.843033
99.918813 -3.139794 15.077179 20000.000 20000.000 -37.920000 9.940000 69.000000 1.083356
99.807720 -2.997540 15.077179 20000.000 20000.000 -38.380000 9.940000 69.000000 0.057557
99.695731 -2.855996 15.077179 20000.000 20000.000 -38.670000 9.940000 0.000000 0.000000
99.583289 -2.714816 15.077179 20000.000 20000.000 -38.770000 9.940000 0.000000 0.000000
99.470113 -2.574234 15.077179 20000.000 20000.000 -39.290000 9.940000 0.000000 0.000000
99.350776 -2.439114 15.077179 20000.000 20000.000 -44.020000 9.940000 69.000000 0.082013
99.225334 -2.309502 15.077179 20000.000 20000.000 -44.530000 9.940000 0.000000 0.000000
99.098858 -2.180919 15.077179 20000.000 20000.000 -44.960000 9.940000 0.000000 0.000000
98.971978 -2.052746 15.077179 20000.000 20000.000 -44.910000 9.940000 0.000000 0.000000
98.845465 -1.924217 15.077179 20000.000 20000.000 -44.640000 9.940000 0.000000 0.000000
98.719956 -1.794712 15.077179 20000.000 20000.000 -44.020000 9.940000 0.000000 0.000000
98.597772 -1.662088 15.077179 20000.000 20000.000 -41.740000 9.940000 0.000000 0.000000
98.482876 -1.523134 15.077179 20000.000 20000.000 -37.870000 9.940000 0.000000 0.000000
98.373608 -1.379555 15.077179 20000.000 20000.000 -37.090000 9.940000 0.000000 0.000000
98.266670 -1.234237 15.077179 20000.000 20000.000 -36.010000 9.940000 0.000000 0.000000
98.159688 -1.088974 15.077179 20000.000 20000.000 -37.130000 9.940000 0.000000 0.000000
102.011390 -5.390732 18.815539 20000.000 20000.000 -39.940000 11.600000 0.000000 0.000000
101.895451 -5.252779 18.815539 20000.000 20000.000 -39.750000 11.600000 159.000000 0.245783
101.780030 -5.114358 18.815539 20000.000 20000.000 -39.560000 11.600000 159.000000 0.259586
101.664633 -4.975887 18.815539 20000.000 20000.000 -39.780000 11.600000 159.000000 0.159004
101.548923 -4.837650 18.815539 20000.000 20000.000 -39.860000 11.600000 159.000000 0.148777
101.430135 -4.702099 18.815539 20000.000 20000.000 -42.420000 11.600000 159.000000 0.255379
101.308396 -4.569122 18.815539 20000.000 20000.000 -42.400000 11.600000 131.387200 0.328432
101.186796 -4.435994 18.815539 20000.000 20000.000 -42.340000 11.600000 78.475680 0.976285
101.065627 -4.302449 18.815539 20000.000 20000.000 -42.070000 11.600000 69.000000 2.003775
100.944942 -4.168441 18.815539 20000.000 20000.000 -41.970000 11.600000 69.000000 2.609923
100.824657 -4.034052 18.815539 20000.000 20000.000 -41.760000 11.600000 72.196550 2.618813
100.709700 -3.895177 18.815539 20000.000 20000.000 -37.580000 11.600000 82.742650 2.539397
100.600284 -3.751687 18.815539 20000.000 20000.000 -37.220000 11.600000 97.782880 2.910337
100.491753 -3.607507 18.815539 20000.000 20000.000 -36.900000 11.600000 104.982700 3.712929
100.383894 -3.462807 18.815539 20000.000 20000.000 -36.710000 11.600000 107.598200 4.149026
100.276073 -3.318069 18.815539 20000.000 20000.000 -36.900000 11.600000 113.753600 3.309905
100.167675 -3.173760 18.815539 20000.000 20000.000 -37.190000 11.600000 119.527300 1.711219
100.058028 -3.030407 18.815539 20000.000 20000.000 -37.920000 11.600000 69.000000 2.169412
99.946928 -2.888181 18.815539 20000.000 20000.000 -38.380000 11.600000 69.000000 0.761988
99.834933 -2.746664 18.815539 20000.000 20000.000 -38.670000 11.600000 0.000000 0.000000
99.722485 -2.605508 18.815539 20000.000 20000.000 -38.770000 11.600000 159.000000 0.182637
99.609302 -2.464950 18.815539 20000.000 20000.000 -39.290000 11.600000 115.139900 0.949139
99.489959 -2.329852 18.815539 20000.000 20000.000 -44.020000 11.600000 72.504500 1.989713
99.364513 -2.200264 18.815539 20000.000 20000.000 -44.530000 11.600000 69.000000 2.190148
99.238030 -2.071702 18.815539 20000.000 20000.000 -44.960000 11.600000 69.000000 0.953558
99.111145 -1.943549 18.815539 20000.000 20000.000 -44.910000 11.600000 0.000000 0.000000
98.984626 -1.815038 18.815539 20000.000 20000.000 -44.640000 11.600000 0.000000 0.000000
98.859111 -1.685550 18.815539 20000.000 20000.000 -44.020000 11.600000 0.000000 0.000000
98.736919 -1.552939 18.815539 20000.000 20000.000 -41.740000 11.600000 0.000000 0.000000
98.622014 -1.413994 18.815539 20000.000 20000.000 -37.870000 11.600000 0.000000 0.000000
98.512737 -1.270421 18.815539 20000.000 20000.000 -37.090000 11.600000 159.000000 0.117920
98.405789 -1.125106 18.815539 20000.000 20000.000 -36.010000 11.600000 0.000000 0.000000
98.298798 -0.979844 18.815539 20000.000 20000.000 -37.130000 11.600000 0.000000 0.000000
102.150205 -5.280875 22.859694 20000.000 20000.000 -39.940000 11.730000 69.000000 0.218333
102.034267 -5.142981 22.859694 20000.000 20000.000 -39.750000 11.730000 0.000000 0.000000
101.918846 -5.004618 22.859694 20000.000 20000.000 -39.560000 11.730000 0.000000 0.000000
101.803448 -4.866202 22.859694 20000.000 20000.000 -39.780000 11.730000 159.000000 0.004132
101.687736 -4.728019 22.859694 20000.000 20000.000 -39.860000 11.730000 159.000000 0.176544
101.568948 -4.592521 22.859694 20000.000 20000.000 -42.420000 11.730000 159.000000 0.547132
101.447209 -4.459596 22.859694 20000.000 20000.000 -42.400000 11.730000 123.065800 0.942645
101.325609 -4.326518 22.859694 20000.000 20000.000 -42.340000 11.730000 84.137510 2.218163
101.204439 -4.193020 22.859694 20000.000 20000.000 -42.070000 11.730000 71.253360 3.950497
101.083753 -4.059059 22.859694 20000.000 20000.000 -41.970000 11.730000 69.000000 4.839234
100.963467 -3.924714 22.859694 20000.000 20000.000 -41.760000 11.730000 72.595520 4.322035
100.848506 -3.785880 22.859694 20000.000 20000.000 -37.580000 11.730000 84.819360 3.256176
100.739086 -3.642428 22.859694 20000.000 20000.000 -37.220000 11.730000 110.080600 2.982121
100.630550 -3.498285 22.859694 20000.000 20000.000 -36.900000 11.730000 121.460500 3.948843
100.522686 -3.353620 22.859694 20000.000 20000.000 -36.710000 11.730000 119.909300 5.511599
100.414859 -3.208914 22.859694 20000.000 20000.000 -36.900000 11.730000 115.226500 6.753610
100.306457 -3.064635 22.859694 20000.000 20000.000 -37.190000 11.730000 112.327500 5.940085
100.196804 -2.921311 22.859694 20000.000 20000.000 -37.920000 11.730000 82.760390 2.741836
100.085699 -2.779113 22.859694 20000.000 20000.000 -38.380000 11.730000 69.000000 0.458133
99.973698 -2.637622 22.859694 20000.000 20000.000 -38.670000 11.730000 0.000000 0.000000
99.861245 -2.496490 22.859694 20000.000 20000.000 -38.770000 11.730000 159.000000 0.292644
99.748056 -2.355955 22.859694 20000.000 20000.000 -39.290000 11.730000 149.233100 1.548772
99.628708 -2.220879 22.859694 20000.000 20000.000 -44.020000 11.730000 89.629830 2.163846
99.503257 -2.091313 22.859694 20000.000 20000.000 -44.530000 11.730000 69.000000 3.796638
99.376771 -1.962772 22.859694 20000.000 20000.000 -44.960000 11.730000 127.758600 1.009286
99.249880 -1.834638 22.859694 20000.000 20000.000 -44.910000 11.730000 0.000000 0.000000
99.123356 -1.706145 22.859694 20000.000 20000.000 -44.640000 11.730000 0.000000 0.000000
98.997835 -1.576672 22.859694 20000.000 20000.000 -44.020000 11.730000 0.000000 0.000000
98.875637 -1.444074 22.859694 20000.000 20000.000 -41.740000 11.730000 0.000000 0.000000
98.760724 -1.305137 22.859694 20000.000 20000.000 -37.870000 11.730000 159.000000 0.401200
98.651438 -1.161569 22.859694 20000.000 20000.000 -37.090000 11.730000 159.000000 0.134462
98.544482 -1.016257 22.859694 20000.000 20000.000 -36.010000 11.730000 0.000000 0.000000
98.437482 -0.870997 22.859694 20000.000 20000.000 -37.130000 11.730000 0.000000 0.000000
102.288635 -5.171272 27.130248 20000.000 20000.000 -39.940000 12.930000 0.000000 0.000000
102.172698 -5.033437 27.130248 20000.000 20000.000 -39.750000 12.930000 0.000000 0.000000
102.057277 -4.895131 27.130248 20000.000 20000.000 -39.560000 12.930000 0.000000 0.000000
101.941879 -4.756770 27.130248 20000.000 20000.000 -39.780000 12.930000 0.000000 0.000000
101.826168 -4.618640 27.130248 20000.000 20000.000 -39.860000 12.930000 159.000000 0.189332
101.707380 -4.483194 27.130248 20000.000 20000.000 -42.420000 12.930000 159.000000 0.786956
101.585642 -4.350320 27.130248 20000.000 20000.000 -42.400000 12.930000 125.487300 1.489598
101.464042 -4.217290 27.130248 20000.000 20000.000 -42.340000 12.930000 89.366670 3.166254
101.342872 -4.083840 27.130248 20000.000 20000.000 -42.070000 12.930000 74.040980 5.329002
101.222186 -3.949924 27.130248 20000.000 20000.000 -41.970000 12.930000 69.000000 6.307685
101.101899 -3.815623 27.130248 20000.000 20000.000 -41.760000 12.930000 69.762140 5.297036
100.986936 -3.676829 27.130248 20000.000 20000.000 -37.580000 12.930000 76.970530 3.178881
100.877512 -3.533416 27.130248 20000.000 20000.000 -37.220000 12.930000 111.557800 1.702514
100.768972 -3.389309 27.130248 20000.000 20000.000 -36.900000 12.930000 137.347200 2.217402
100.661104 -3.244677 27.130248 20000.000 20000.000 -36.710000 12.930000 127.092200 3.911306
100.553273 -3.100003 27.130248 20000.000 20000.000 -36.900000 12.930000 118.988200 5.910437
100.444866 -2.955755 27.130248 20000.000 20000.000 -37.190000 12.930000 118.246800 5.823143
100.335208 -2.812459 27.130248 20000.000 20000.000 -37.920000 12.930000 121.911400 2.351203
100.224099 -2.670288 27.130248 20000.000 20000.000 -38.380000 12.930000 159.000000 0.013124
100.112094 -2.528823 27.130248 20000.000 20000.000 -38.670000 12.930000 0.000000 0.000000
99.999636 -2.387715 27.130248 20000.000 20000.000 -38.770000 12.930000 0.000000 0.000000
99.886443 -2.247202 27.130248 20000.000 20000.000 -39.290000 12.930000 159.000000 0.475927
99.767091 -2.112148 27.130248 20000.000 20000.000 -44.020000 12.930000 0.000000 0.000000
99.641637 -1.982603 27.130248 20000.000 20000.000 -44.530000 12.930000 69.000000 3.282539
99.515146 -1.854082 27.130248 20000.000 20000.000 -44.960000 12.930000 159.000000 0.842054
99.388252 -1.725966 27.130248 20000.000 20000.000 -44.910000 12.930000 0.000000 0.000000
99.261723 -1.597490 27.130248 20000.000 20000.000 -44.640000 12.930000 69.000000 0.611312
99.136196 -1.468031 27.130248 20000.000 20000.000 -44.020000 12.930000 69.000000 0.362098
99.013993 -1.335445 27.130248 20000.000 20000.000 -41.740000 12.930000 0.000000 0.000000
98.899073 -1.196517 27.130248 20000.000 20000.000 -37.870000 12.930000 159.000000 0.029188
98.789780 -1.052954 27.130248 20000.000 20000.000 -37.090000 12.930000 0.000000 0.000000
98.682816 -0.907644 27.130248 20000.000 20000.000 -36.010000 12.930000 0.000000 0.000000
98.575807 -0.762384 27.130248 20000.000 20000.000 -37.130000 12.930000 0.000000 0.000000
102.426042 -5.062434 31.984327 20000.000 20000.000 -39.940000 15.170000 0.000000 0.000000
102.310106 -4.924657 31.984327 20000.000 20000.000 -39.750000 15.170000 0.000000 0.000000
102.194686 -4.786406 31.984327 20000.000 20000.000 -39.560000 15.170000 0.000000 0.000000
102.079290 -4.648100 31.984327 20000.000 20000.000 -39.780000 15.170000 0.000000 0.000000
101.963579 -4.510023 31.984327 20000.000 20000.000 -39.860000 15.170000 159.000000 0.106928
101.844793 -4.374627 31.984327 20000.000 20000.000 -42.420000 15.170000 159.000000 0.744753
101.723057 -4.241803 31.984327 20000.000 20000.000 -42.400000 15.170000 133.639100 1.480374
101.601458 -4.108821 31.984327 20000.000 20000.000 -42.340000 15.170000 94.419020 3.032316
101.480289 -3.975417 31.984327 20000.000 20000.000 -42.070000 15.170000 75.792360 5.167494
101.359603 -3.841545 31.984327 20000.000 20000.000 -41.970000 15.170000 69.000000 6.052638
101.239315 -3.707287 31.984327 20000.000 20000.000 -41.760000 15.170000 69.000000 4.848826
101.124351 -3.568533 31.984327 20000.000 20000.000 -37.580000 15.170000 69.000000 2.497999
101.014925 -3.425157 31.984327 20000.000 20000.000 -37.220000 15.170000 82.847110 0.579248
100.906382 -3.281085 31.984327 20000.000 20000.000 -36.900000 15.170000 133.637700 0.586818
100.798510 -3.136486 31.984327 20000.000 20000.000 -36.710000 15.170000 106.257900 2.274212
100.690676 -2.991844 31.984327 20000.000 20000.000 -36.900000 15.170000 102.985300 4.995794
100.582266 -2.847626 31.984327 20000.000 20000.000 -37.190000 15.170000 111.373000 6.312189
100.472605 -2.704359 31.984327 20000.000 20000.000 -37.920000 15.170000 128.385500 4.432067
100.361492 -2.562215 31.984327 20000.000 20000.000 -38.380000 15.170000 151.769700 1.656891
100.249484 -2.420774 31.984327 20000.000 20000.000 -38.670000 15.170000 159.000000 0.143395
100.137022 -2.279689 31.984327 20000.000 20000.000 -38.770000 15.170000 0.000000 0.000000
100.023825 -2.139197 31.984327 20000.000 20000.000 -39.290000 15.170000 0.000000 0.000000
99.904470 -2.004165 31.984327 20000.000 20000.000 -44.020000 15.170000 69.000000 0.740511
99.779012 -1.874640 31.984327 20000.000 20000.000 -44.530000 15.170000 69.000000 3.340840
99.652519 -1.746138 31.984327 20000.000 20000.000 -44.960000 15.170000 90.136190 1.064674
99.525621 -1.618039 31.984327 20000.000 20000.000 -44.910000 15.170000 0.000000 0.000000
99.399088 -1.489579 31.984327 20000.000 20000.000 -44.640000 15.170000 159.000000 0.281362
99.273557 -1.360133 31.984327 20000.000 20000.000 -44.020000 15.170000 159.000000 0.560571
99.151348 -1.227558 31.984327 20000.000 20000.000 -41.740000 15.170000 0.000000 0.000000
99.036423 -1.088638 31.984327 20000.000 20000.000 -37.870000 15.170000 0.000000 0.000000
98.927123 -0.945080 31.984327 20000.000 20000.000 -37.090000 15.170000 0.000000 0.000000
98.820152 -0.799773 31.984327 20000.000 20000.000 -36.010000 15.170000 0.000000 0.000000
98.713137 -0.654513 31.984327 20000.000 20000.000 -37.130000 15.170000 0.000000 0.000000
102.561623 -4.955002 37.743178 20000.000 20000.000 -39.940000 18.320000 0.000000 0.000000
102.445690 -4.817281 37.743178 20000.000 20000.000 -39.750000 18.320000 0.000000 0.000000
102.330272 -4.679085 37.743178 20000.000 20000.000 -39.560000 18.320000 0.000000 0.000000
102.214878 -4.540832 37.743178 20000.000 20000.000 -39.780000 18.320000 0.000000 0.000000
102.099169 -4.402806 37.743178 20000.000 20000.000 -39.860000 18.320000 0.000000 0.000000
101.980385 -4.267460 37.743178 20000.000 20000.000 -42.420000 18.320000 159.000000 0.356869
101.858651 -4.134684 37.743178 20000.000 20000.000 -42.400000 18.320000 151.721200 0.799142
101.737054 -4.001749 37.743178 20000.000 20000.000 -42.340000 18.320000 100.691000 1.624422
101.615886 -3.868390 37.743178 20000.000 20000.000 -42.070000 18.320000 75.774520 3.218819
101.495201 -3.734561 37.743178 20000.000 20000.000 -41.970000 18.320000 69.000000 3.914332
101.374915 -3.600344 37.743178 20000.000 20000.000 -41.760000 18.320000 69.000000 2.928127
101.259950 -3.461630 37.743178 20000.000 20000.000 -37.580000 18.320000 69.000000 1.179052
101.150522 -3.318289 37.743178 20000.000 20000.000 -37.220000 18.320000 69.000000 0.014336
101.041977 -3.174252 37.743178 20000.000 20000.000 -36.900000 18.320000 0.000000 0.000000
100.934103 -3.029687 37.743178 20000.000 20000.000 -36.710000 18.320000 86.126800 1.208137
100.826267 -2.885075 37.743178 20000.000 20000.000 -36.900000 18.320000 94.645910 3.414135
100.717853 -2.740886 37.743178 20000.000 20000.000 -37.190000 18.320000 110.613300 4.934798
100.608190 -2.597646 37.743178 20000.000 20000.000 -37.920000 18.320000 129.144400 4.527251
100.497075 -2.455528 37.743178 20000.000 20000.000 -38.380000 18.320000 142.687500 2.394965
100.385064 -2.314111 37.743178 20000.000 20000.000 -38.670000 18.320000 145.295200 0.435823
100.272599 -2.173049 37.743178 20000.000 20000.000 -38.770000 18.320000 69.000000 0.044588
100.159400 -2.032578 37.743178 20000.000 20000.000 -39.290000 18.320000 69.000000 0.421408
100.040042 -1.897566 37.743178 20000.000 20000.000 -44.020000 18.320000 69.000000 1.582412
99.914582 -1.768061 37.743178 20000.000 20000.000 -44.530000 18.320000 69.300520 3.096833
99.788086 -1.639576 37.743178 20000.000 20000.000 -44.960000 18.320000 72.265980 1.620762
99.661185 -1.511494 37.743178 20000.000 20000.000 -44.910000 18.320000 0.000000 0.000000
99.534650 -1.383048 37.743178 20000.000 20000.000 -44.640000 18.320000 0.000000 0.000000
99.409115 -1.253615 37.743178 20000.000 20000.000 -44.020000 18.320000 0.000000 0.000000
99.286902 -1.121051 37.743178 20000.000 20000.000 -41.740000 18.320000 0.000000 0.000000
99.171972 -0.982138 37.743178 20000.000 20000.000 -37.870000 18.320000 0.000000 0.000000
99.062666 -0.838584 37.743178 20000.000 20000.000 -37.090000 18.320000 0.000000 0.000000
98.955690 -0.693279 37.743178 20000.000 20000.000 -36.010000 18.320000 0.000000 0.000000
98.848668 -0.548019 37.743178 20000.000 20000.000 -37.130000 18.320000 0.000000 0.000000
102.694388 -4.849768 44.665247 20000.000 20000.000 -39.940000 22.210000 159.000000 0.055808
102.578458 -4.712102 44.665247 20000.000 20000.000 -39.750000 22.210000 0.000000 0.000000
102.463044 -4.573959 44.665247 20000.000 20000.000 -39.560000 22.210000 0.000000 0.000000
102.347652 -4.435757 44.665247 20000.000 20000.000 -39.780000 22.210000 0.000000 0.000000
102.231945 -4.297781 44.665247 20000.000 20000.000 -39.860000 22.210000 0.000000 0.000000
102.113164 -4.162483 44.665247 20000.000 20000.000 -42.420000 22.210000 0.000000 0.000000
101.991433 -4.029753 44.665247 20000.000 20000.000 -42.400000 22.210000 0.000000 0.000000
101.869839 -3.896863 44.665247 20000.000 20000.000 -42.340000 22.210000 159.000000 0.063161
101.748674 -3.763548 44.665247 20000.000 20000.000 -42.070000 22.210000 69.000000 0.688147
101.627990 -3.629761 44.665247 20000.000 20000.000 -41.970000 22.210000 69.000000 1.061916
101.507705 -3.495583 44.665247 20000.000 20000.000 -41.760000 22.210000 69.000000 0.633920
101.392741 -3.356907 44.665247 20000.000 20000.000 -37.580000 22.210000 0.000000 0.000000
101.283312 -3.213602 44.665247 20000.000 20000.000 -37.220000 22.210000 0.000000 0.000000
101.174766 -3.069599 44.665247 20000.000 20000.000 -36.900000 22.210000 0.000000 0.000000
101.066890 -2.925065 44.665247 20000.000 20000.000 -36.710000 22.210000 69.000000 0.045356
100.959053 -2.780483 44.665247 20000.000 20000.000 -36.900000 22.210000 93.979470 1.029403
100.850638 -2.636322 44.665247 20000.000 20000.000 -37.190000 22.210000 118.364300 2.204090
100.740973 -2.493109 44.665247 20000.000 20000.000 -37.920000 22.210000 136.667300 2.810213
100.629856 -2.351016 44.665247 20000.000 20000.000 -38.380000 22.210000 142.540900 1.673956
100.517843 -2.209623 44.665247 20000.000 20000.000 -38.670000 22.210000 127.315200 0.249052
100.405377 -2.068582 44.665247 20000.000 20000.000 -38.770000 22.210000 69.000000 0.036089
100.292175 -1.928131 44.665247 20000.000 20000.000 -39.290000 22.210000 69.000000 0.293908
100.172816 -1.793138 44.665247 20000.000 20000.000 -44.020000 22.210000 72.451630 1.110590
100.047355 -1.663651 44.665247 20000.000 20000.000 -44.530000 22.210000 74.822230 2.140308
99.920857 -1.535183 44.665247 20000.000 20000.000 -44.960000 22.210000 69.000000 1.633641
99.793954 -1.407116 44.665247 20000.000 20000.000 -44.910000 22.210000 69.000000 0.301727
99.667416 -1.278684 44.665247 20000.000 20000.000 -44.640000 22.210000 0.000000 0.000000
99.541879 -1.149263 44.665247 20000.000 20000.000 -44.020000 22.210000 0.000000 0.000000
99.419663 -1.016708 44.665247 20000.000 20000.000 -41.740000 22.210000 0.000000 0.000000
99.304728 -0.877802 44.665247 20000.000 20000.000 -37.870000 22.210000 0.000000 0.000000
99.195418 -0.734251 44.665247 20000.000 20000.000 -37.090000 22.210000 0.000000 0.000000
99.088436 -0.588948 44.665247 20000.000 20000.000 -36.010000 22.210000 0.000000 0.000000
98.981410 -0.443688 44.665247 20000.000 20000.000 -37.130000 22.210000 0.000000 0.000000
102.823225 -4.747620 52.920393 20000.000 20000.000 -39.940000 26.590000 159.000000 0.142367
102.707300 -4.610006 52.920393 20000.000 20000.000 -39.750000 26.590000 0.000000 0.000000
102.591889 -4.471914 52.920393 20000.000 20000.000 -39.560000 26.590000 0.000000 0.000000
102.476500 -4.333762 52.920393 20000.000 20000.000 -39.780000 26.590000 0.000000 0.000000
102.360797 -4.195833 52.920393 20000.000 20000.000 -39.860000 26.590000 0.000000 0.000000
102.242019 -4.060581 52.920393 20000.000 20000.000 -42.420000 26.590000 0.000000 0.000000
102.120291 -3.927897 52.920393 20000.000 20000.000 -42.400000 26.590000 0.000000 0.000000
101.998701 -3.795050 52.920393 20000.000 20000.000 -42.340000 26.590000 0.000000 0.000000
101.877538 -3.661775 52.920393 20000.000 20000.000 -42.070000 26.590000 0.000000 0.000000
101.756857 -3.528028 52.920393 20000.000 20000.000 -41.970000 26.590000 0.000000 0.000000
101.636575 -3.393889 52.920393 20000.000 20000.000 -41.760000 26.590000 0.000000 0.000000
101.521611 -3.255249 52.920393 20000.000 20000.000 -37.580000 26.590000 0.000000 0.000000
101.412183 -3.111978 52.920393 20000.000 20000.000 -37.220000 26.590000 0.000000 0.000000
101.303636 -2.968007 52.920393 20000.000 20000.000 -36.900000 26.590000 0.000000 0.000000
101.195760 -2.823504 52.920393 20000.000 20000.000 -36.710000 26.590000 0.000000 0.000000
101.087922 -2.678951 52.920393 20000.000 20000.000 -36.900000 26.590000 0.000000 0.000000
100.979506 -2.534817 52.920393 20000.000 20000.000 -37.190000 26.590000 159.000000 0.292506
100.869840 -2.391630 52.920393 20000.000 20000.000 -37.920000 26.590000 158.039600 0.971059
100.758723 -2.249560 52.920393 20000.000 20000.000 -38.380000 26.590000 159.000000 0.528118
100.646709 -2.108189 52.920393 20000.000 20000.000 -38.670000 26.590000 0.000000 0.000000
100.534241 -1.967170 52.920393 20000.000 20000.000 -38.770000 26.590000 0.000000 0.000000
100.421039 -1.826738 52.920393 20000.000 20000.000 -39.290000 26.590000 0.000000 0.000000
100.301678 -1.691762 52.920393 20000.000 20000.000 -44.020000 26.590000 69.000000 0.133262
100.176217 -1.562292 52.920393 20000.000 20000.000 -44.530000 26.590000 84.056950 0.617467
100.049718 -1.433840 52.920393 20000.000 20000.000 -44.960000 26.590000 69.000000 0.683884
99.922814 -1.305787 52.920393 20000.000 20000.000 -44.910000 26.590000 69.000000 0.245492
99.796274 -1.177367 52.920393 20000.000 20000.000 -44.640000 26.590000 0.000000 0.000000
99.670735 -1.047957 52.920393 20000.000 20000.000 -44.020000 26.590000 0.000000 0.000000
99.548516 -0.915411 52.920393 20000.000 20000.000 -41.740000 26.590000 0.000000 0.000000
99.433578 -0.776510 52.920393 20000.000 20000.000 -37.870000 26.590000 0.000000 0.000000
99.324264 -0.632964 52.920393 20000.000 20000.000 -37.090000 26.590000 0.000000 0.000000
99.217279 -0.487662 52.920393 20000.000 20000.000 -36.010000 26.590000 0.000000 0.000000
99.110248 -0.342402 52.920393 20000.000 20000.000 -37.130000 26.590000 0.000000 0.000000
102.947056 -4.649419 62.575223 20000.000 20000.000 -39.940000 31.190000 0.000000 0.000000
102.831135 -4.511856 62.575223 20000.000 20000.000 -39.750000 31.190000 0.000000 0.000000
102.715728 -4.373813 62.575223 20000.000 20000.000 -39.560000 31.190000 0.000000 0.000000
102.600343 -4.235707 62.575223 20000.000 20000.000 -39.780000 31.190000 0.000000 0.000000
102.484644 -4.097824 62.575223 20000.000 20000.000 -39.860000 31.190000 0.000000 0.000000
102.365869 -3.962616 62.575223 20000.000 20000.000 -42.420000 31.190000 0.000000 0.000000
102.244146 -3.829974 62.575223 20000.000 20000.000 -42.400000 31.190000 69.000000 0.285746
102.122559 -3.697168 62.575223 20000.000 20000.000 -42.340000 31.190000 69.000000 0.485751
102.001400 -3.563933 62.575223 20000.000 20000.000 -42.070000 31.190000 69.000000 0.197924
101.880723 -3.430223 62.575223 20000.000 20000.000 -41.970000 31.190000 0.000000 0.000000
101.760443 -3.296121 62.575223 20000.000 20000.000 -41.760000 31.190000 0.000000 0.000000
101.645481 -3.157514 62.575223 20000.000 20000.000 -37.580000 31.190000 0.000000 0.000000
101.536053 -3.014277 62.575223 20000.000 20000.000 -37.220000 31.190000 0.000000 0.000000
101.427507 -2.870336 62.575223 20000.000 20000.000 -36.900000 31.190000 0.000000 0.000000
101.319631 -2.725862 62.575223 20000.000 20000.000 -36.710000 31.190000 0.000000 0.000000
101.211793 -2.581337 62.575223 20000.000 20000.000 -36.900000 31.190000 0.000000 0.000000
101.103377 -2.437229 62.575223 20000.000 20000.000 -37.190000 31.190000 0.000000 0.000000
100.993712 -2.294066 62.575223 20000.000 20000.000 -37.920000 31.190000 159.000000 0.217791
100.882594 -2.152019 62.575223 20000.000 20000.000 -38.380000 31.190000 159.000000 0.036600
100.770580 -2.010669 62.575223 20000.000 20000.000 -38.670000 31.190000 0.000000 0.000000
100.658112 -1.869669 62.575223 20000.000 20000.000 -38.770000 31.190000 0.000000 0.000000
100.544909 -1.729255 62.575223 20000.000 20000.000 -39.290000 31.190000 0.000000 0.000000
100.425548 -1.594296 62.575223 20000.000 20000.000 -44.020000 31.190000 0.000000 0.000000
100.300087 -1.464842 62.575223 20000.000 20000.000 -44.530000 31.190000 0.000000 0.000000
100.173588 -1.336404 62.575223 20000.000 20000.000 -44.960000 31.190000 0.000000 0.000000
100.046683 -1.208364 62.575223 20000.000 20000.000 -44.910000 31.190000 0.000000 0.000000
99.920142 -1.079955 62.575223 20000.000 20000.000 -44.640000 31.190000 0.000000 0.000000
99.794601 -0.950555 62.575223 20000.000 20000.000 -44.020000 31.190000 0.000000 0.000000
99.672380 -0.818016 62.575223 20000.000 20000.000 -41.740000 31.190000 0.000000 0.000000
99.557440 -0.679121 62.575223 20000.000 20000.000 -37.870000 31.190000 0.000000 0.000000
99.448124 -0.535578 62.575223 20000.000 20000.000 -37.090000 31.190000 0.000000 0.000000
99.341135 -0.390277 62.575223 20000.000 20000.000 -36.010000 31.190000 69.000000 0.018519
99.234102 -0.245016 62.575223 20000.000 20000.000 -37.130000 31.190000 69.000000 0.486672
103.065009 -4.555863 73.597889 20000.000 20000.000 -39.940000 35.760000 0.000000 0.000000
102.949093 -4.418347 73.597889 20000.000 20000.000 -39.750000 35.760000 0.000000 0.000000
102.833690 -4.280350 73.597889 20000.000 20000.000 -39.560000 35.760000 0.000000 0.000000
102.718310 -4.142289 73.597889 20000.000 20000.000 -39.780000 35.760000 0.000000 0.000000
102.602615 -4.004449 73.597889 20000.000 20000.000 -39.860000 35.760000 0.000000 0.000000
102.483845 -3.869282 73.597889 20000.000 20000.000 -42.420000 35.760000 69.000000 0.221376
102.362126 -3.736680 73.597889 20000.000 20000.000 -42.400000 35.760000 69.000000 0.908457
102.240543 -3.603912 73.597889 20000.000 20000.000 -42.340000 35.760000 69.000000 1.292229
102.119388 -3.470714 73.597889 20000.000 20000.000 -42.070000 35.760000 69.000000 0.799744
101.998714 -3.337040 73.597889 20000.000 20000.000 -41.970000 35.760000 69.000000 0.038557
101.878437 -3.202972 73.597889 20000.000 20000.000 -41.760000 35.760000 0.000000 0.000000
101.763478 -3.064398 73.597889 20000.000 20000.000 -37.580000 35.760000 0.000000 0.000000
101.654051 -2.921191 73.597889 20000.000 20000.000 -37.220000 35.760000 0.000000 0.000000
101.545506 -2.777279 73.597889 20000.000 20000.000 -36.900000 35.760000 0.000000 0.000000
101.437631 -2.632832 73.597889 20000.000 20000.000 -36.710000 35.760000 0.000000 0.000000
101.329794 -2.488334 73.597889 20000.000 20000.000 -36.900000 35.760000 69.000000 0.016717
101.221379 -2.344250 73.597889 20000.000 20000.000 -37.190000 35.760000 69.000000 0.270652
101.111714 -2.201110 73.597889 20000.000 20000.000 -37.920000 35.760000 109.219800 0.281502
101.000597 -2.059084 73.597889 20000.000 20000.000 -38.380000 35.760000 159.000000 0.103929
100.888584 -1.917754 73.597889 20000.000 20000.000 -38.670000 35.760000 0.000000 0.000000
100.776116 -1.776773 73.597889 20000.000 20000.000 -38.770000 35.760000 69.000000 0.112554
100.662913 -1.636375 73.597889 20000.000 20000.000 -39.290000 35.760000 69.000000 0.219432
100.543553 -1.501432 73.597889 20000.000 20000.000 -44.020000 35.760000 69.000000 0.079303
100.418092 -1.371992 73.597889 20000.000 20000.000 -44.530000 35.760000 0.000000 0.000000
100.291593 -1.243568 73.597889 20000.000 20000.000 -44.960000 35.760000 0.000000 0.000000
100.164688 -1.115539 73.597889 20000.000 20000.000 -44.910000 35.760000 0.000000 0.000000
100.038147 -0.987140 73.597889 20000.000 20000.000 -44.640000 35.760000 0.000000 0.000000
99.912605 -0.857748 73.597889 20000.000 20000.000 -44.020000 35.760000 0.000000 0.000000
99.790383 -0.725217 73.597889 20000.000 20000.000 -41.740000 35.760000 0.000000 0.000000
99.675441 -0.586326 73.597889 20000.000 20000.000 -37.870000 35.760000 0.000000 0.000000
99.566123 -0.442785 73.597889 20000.000 20000.000 -37.090000 35.760000 0.000000 0.000000
99.459132 -0.297485 73.597889 20000.000 20000.000 -36.010000 35.760000 69.000000 0.268161
99.352096 -0.152224 73.597889 20000.000 20000.000 -37.130000 35.760000 69.000000 0.922359
103.176545 -4.467385 85.881654 20000.000 20000.000 -39.940000 40.090000 0.000000 0.000000
103.060634 -4.329914 85.881654 20000.000 20000.000 -39.750000 40.090000 0.000000 0.000000
102.945237 -4.191960 85.881654 20000.000 20000.000 -39.560000 40.090000 0.000000 0.000000
102.829861 -4.053940 85.881654 20000.000 20000.000 -39.780000 40.090000 0.000000 0.000000
102.714170 -3.916140 85.881654 20000.000 20000.000 -39.860000 40.090000 0.000000 0.000000
102.595405 -3.781012 85.881654 20000.000 20000.000 -42.420000 40.090000 69.000000 0.434000
102.473691 -3.648447 85.881654 20000.000 20000.000 -42.400000 40.090000 69.000000 1.146471
102.352113 -3.515715 85.881654 20000.000 20000.000 -42.340000 40.090000 69.000000 1.427397
102.230962 -3.382552 85.881654 20000.000 20000.000 -42.070000 40.090000 69.000000 0.892579
102.110292 -3.248911 85.881654 20000.000 20000.000 -41.970000 40.090000 69.000000 0.095418
101.990018 -3.114874 85.881654 20000.000 20000.000 -41.760000 40.090000 0.000000 0.000000
101.875061 -2.976330 85.881654 20000.000 20000.000 -37.580000 40.090000 0.000000 0.000000
101.765637 -2.833152 85.881654 20000.000 20000.000 -37.220000 40.090000 0.000000 0.000000
101.657093 -2.689268 85.881654 20000.000 20000.000 -36.900000 40.090000 0.000000 0.000000
101.549221 -2.544847 85.881654 20000.000 20000.000 -36.710000 40.090000 0.000000 0.000000
101.441384 -2.400372 85.881654 20000.000 20000.000 -36.900000 40.090000 69.000000 0.024607
101.332971 -2.256312 85.881654 20000.000 20000.000 -37.190000 40.090000 96.556490 0.285661
101.223307 -2.113193 85.881654 20000.000 20000.000 -37.920000 40.090000 132.013400 0.537441
101.112191 -1.971187 85.881654 20000.000 20000.000 -38.380000 40.090000 145.821900 0.518900
101.000179 -1.829876 85.881654 20000.000 20000.000 -38.670000 40.090000 118.692100 0.328360
100.887713 -1.688911 85.881654 20000.000 20000.000 -38.770000 40.090000 71.304690 0.484126
100.774510 -1.548530 85.881654 20000.000 20000.000 -39.290000 40.090000 69.000000 0.648862
100.655151 -1.413601 85.881654 20000.000 20000.000 -44.020000 40.090000 87.925800 0.433185
100.529691 -1.284174 85.881654 20000.000 20000.000 -44.530000 40.090000 148.106500 0.257322
100.403193 -1.155761 85.881654 20000.000 20000.000 -44.960000 40.090000 159.000000 0.154769
100.276288 -1.027743 85.881654 20000.000 20000.000 -44.910000 40.090000 0.000000 0.000000
100.149747 -0.899353 85.881654 20000.000 20000.000 -44.640000 40.090000 0.000000 0.000000
100.024205 -0.769969 85.881654 20000.000 20000.000 -44.020000 40.090000 0.000000 0.000000
99.901982 -0.637443 85.881654 20000.000 20000.000 -41.740000 40.090000 0.000000 0.000000
99.787039 -0.498557 85.881654 20000.000 20000.000 -37.870000 40.090000 159.000000 0.007556
99.677720 -0.355018 85.881654 20000.000 20000.000 -37.090000 40.090000 159.000000 0.201282
99.570728 -0.209719 85.881654 20000.000 20000.000 -36.010000 40.090000 159.000000 0.215740
99.463690 -0.064457 85.881654 20000.000 20000.000 -37.130000 40.090000 69.000000 0.186007
103.281485 -4.384131 99.277384 20000.000 20000.000 -39.940000 44.070000 0.000000 0.000000
103.165579 -4.246702 99.277384 20000.000 20000.000 -39.750000 44.070000 0.000000 0.000000
103.050187 -4.108788 99.277384 20000.000 20000.000 -39.560000 44.070000 0.000000 0.000000
102.934817 -3.970807 99.277384 20000.000 20000.000 -39.780000 44.070000 0.000000 0.000000
102.819130 -3.833045 99.277384 20000.000 20000.000 -39.860000 44.070000 69.000000 0.236561
102.700370 -3.697953 99.277384 20000.000 20000.000 -42.420000 44.070000 69.000000 0.773420
102.578661 -3.565423 99.277384 20000.000 20000.000 -42.400000 44.070000 69.000000 1.279955
102.457088 -3.432724 99.277384 20000.000 20000.000 -42.340000 44.070000 69.000000 1.303899
102.335941 -3.299593 99.277384 20000.000 20000.000 -42.070000 44.070000 69.000000 0.770273
102.215275 -3.165982 99.277384 20000.000 20000.000 -41.970000 44.070000 69.000000 0.151608
102.095005 -3.031975 99.277384 20000.000 20000.000 -41.760000 44.070000 0.000000 0.000000
101.980051 -2.893460 99.277384 20000.000 20000.000 -37.580000 44.070000 0.000000 0.000000
101.870629 -2.750308 99.277384 20000.000 20000.000 -37.220000 44.070000 0.000000 0.000000
101.762088 -2.606450 99.277384 20000.000 20000.000 -36.900000 44.070000 0.000000 0.000000
101.654217 -2.462053 99.277384 20000.000 20000.000 -36.710000 44.070000 0.000000 0.000000
101.546383 -2.317601 99.277384 20000.000 20000.000 -36.900000 44.070000 159.000000 0.048205
101.437971 -2.173561 99.277384 20000.000 20000.000 -37.190000 44.070000 159.000000 0.480339
101.328309 -2.030462 99.277384 20000.000 20000.000 -37.920000 44.070000 157.018700 1.005688
101.217195 -1.888476 99.277384 20000.000 20000.000 -38.380000 44.070000 150.106700 1.201774
101.105184 -1.747181 99.277384 20000.000 20000.000 -38.670000 44.070000 130.600900 1.114241
100.992719 -1.606233 99.277384 20000.000 20000.000 -38.770000 44.070000 106.288900 1.174676
100.879518 -1.465865 99.277384 20000.000 20000.000 -39.290000 44.070000 102.726500 1.296599
100.760160 -1.330949 99.277384 20000.000 20000.000 -44.020000 44.070000 121.575500 1.253502
100.634701 -1.201534 99.277384 20000.000 20000.000 -44.530000 44.070000 147.025800 1.223770
100.508204 -1.073132 99.277384 20000.000 20000.000 -44.960000 44.070000 159.000000 1.047329
100.381300 -0.945123 99.277384 20000.000 20000.000 -44.910000 44.070000 159.000000 0.584881
100.254759 -0.816741 99.277384 20000.000 20000.000 -44.640000 44.070000 159.000000 0.148535
100.129217 -0.687364 99.277384 20000.000 20000.000 -44.020000 44.070000 159.000000 0.023407
100.006995 -0.554843 99.277384 20000.000 20000.000 -41.740000 44.070000 159.000000 0.230561
99.892051 -0.415961 99.277384 20000.000 20000.000 -37.870000 44.070000 159.000000 0.526225
99.782731 -0.272424 99.277384 20000.000 20000.000 -37.090000 44.070000 159.000000 0.622187
99.675738 -0.127125 99.277384 20000.000 20000.000 -36.010000 44.070000 159.000000 0.339763
99.568700 0.018137 99.277384 20000.000 20000.000 -37.130000 44.070000 159.000000 0.041912
