coord   	geo_polyconic
origin   96.000000   1.000000
#data_num	377
#slip_num	1038
#ndf     	-661
#rss      	1.12733e-01  [m^2]
#rms      	1.72924e-02  [m]
#wrss   	1.12736e-02  [m^2]
#wrms   	5.46841e-03  [m]
#chi2    	1.12734e-01 
#rchi2   	-1.70550e-04
#r_1d   	NaN          [cm/km]
#r_2d   	1.14767e-02  [cm/km^2]
#strain   	1.74801e-01  [cm/km]

earth	homogeneous	3.00e+10  	0.2500

#---kappa  1	2000.00000  
#---beta   1	4000000.00000

#---smooth   	2d
#---surface  	free

#fault type name         geometry_filename                  colnames                                                      rake  rs       ts        rake0  rakeX  rs0    rsX     ts0    tsX       Nd  Ns
fault 6   banyakthrust   SMT_10km2_3D_0slip_subfaults.out   no,dnum,snum,llon,llat,depm,len,wid,str,dip,rake,slipm        80.00 0.00000  0.00000   0.00   0.00   0.0000 0.0000  0.0000 0.0000    23  23 

     #subfault name            dnum   snum   rake          rs           ts         rake0  rakeX     rs0      rsX       ts0      tsX    # name is the name of the main fault
     subfault banyakthrust      1     1     -10.00000      0.00000      0.00000    00.00  000.00    0.0000  00.0000    0.0000   0.0000
     subfault banyakthrust      2     1     119.95333      0.00000      0.00000    00.00  000.00    0.0000  00.0000    0.0000   0.0000
     subfault banyakthrust      3     1     -10.00000      0.00000      0.00000    00.00  000.00    0.0000  00.0000    0.0000   0.0000
     subfault banyakthrust      4     1     -10.00000      0.00000      0.00000    00.00  000.00    0.0000  00.0000    0.0000   0.0000
     subfault banyakthrust      5     1     -10.00000      0.00000      0.00000    00.00  000.00    0.0000  00.0000    0.0000   0.0000
     subfault banyakthrust      6     1     119.80557      0.00000      0.00000    00.00  000.00    0.0000  00.0000    0.0000   0.0000
     subfault banyakthrust      7     1     -10.00000      0.00000      0.00000    00.00  000.00    0.0000  00.0000    0.0000   0.0000
     subfault banyakthrust      8     1      -9.90001      0.00000      0.00000    00.00  000.00    0.0000  00.0000    0.0000   0.0000
     subfault banyakthrust      9     1      60.00000      0.00863      0.00000    00.00  000.00    0.0000  00.0000    0.0000   0.0000
     subfault banyakthrust     10     1      60.00000      0.02305      0.00000    00.00  000.00    0.0000  00.0000    0.0000   0.0000
     subfault banyakthrust     11     1      60.00000      0.03134      0.00000    00.00  000.00    0.0000  00.0000    0.0000   0.0000
     subfault banyakthrust     12     1      95.91620      0.03490      0.00000    00.00  000.00    0.0000  00.0000    0.0000   0.0000
     subfault banyakthrust     13     1     120.00000      0.04364      0.00000    00.00  000.00    0.0000  00.0000    0.0000   0.0000
     subfault banyakthrust     14     1     120.00000      0.03926      0.00000    00.00  000.00    0.0000  00.0000    0.0000   0.0000
     subfault banyakthrust     15     1     120.00000      0.02431      0.00000    00.00  000.00    0.0000  00.0000    0.0000   0.0000
     subfault banyakthrust     16     1     120.00000      0.00967      0.00000    00.00  000.00    0.0000  00.0000    0.0000   0.0000
     subfault banyakthrust     17     1     120.00000      0.00161      0.00000    00.00  000.00    0.0000  00.0000    0.0000   0.0000
     subfault banyakthrust     18     1      60.03237      0.00000      0.00000    00.00  000.00    0.0000  00.0000    0.0000   0.0000
     subfault banyakthrust     19     1      60.08023      0.00000      0.00000    00.00  000.00    0.0000  00.0000    0.0000   0.0000
     subfault banyakthrust     20     1      59.72562      0.00000      0.00000    00.00  000.00    0.0000  00.0000    0.0000   0.0000
     subfault banyakthrust     21     1      59.97391      0.00000      0.00000    00.00  000.00    0.0000  00.0000    0.0000   0.0000
     subfault banyakthrust     22     1      59.96709      0.00000      0.00000    00.00  000.00    0.0000  00.0000    0.0000   0.0000
     subfault banyakthrust     23     1      59.80567      0.00000      0.00000    00.00  000.00    0.0000  00.0000    0.0000   0.0000
     subfault banyakthrust      1     2     -10.00000      0.00000      0.00000    00.00  000.00    0.0000  00.0000    0.0000   0.0000
     subfault banyakthrust      2     2     -10.00000      0.00000      0.00000    00.00  000.00    0.0000  00.0000    0.0000   0.0000
     subfault banyakthrust      3     2     120.06078      0.00000      0.00000    00.00  000.00    0.0000  00.0000    0.0000   0.0000
     subfault banyakthrust      4     2     -10.00000      0.00000      0.00000    00.00  000.00    0.0000  00.0000    0.0000   0.0000
     subfault banyakthrust      5     2     119.52956      0.00000      0.00000    00.00  000.00    0.0000  00.0000    0.0000   0.0000
     subfault banyakthrust      6     2     120.00925      0.00000      0.00000    00.00  000.00    0.0000  00.0000    0.0000   0.0000
     subfault banyakthrust      7     2     -10.00000      0.00000      0.00000    00.00  000.00    0.0000  00.0000    0.0000   0.0000
     subfault banyakthrust      8     2     -10.00000      0.00000      0.00000    00.00  000.00    0.0000  00.0000    0.0000   0.0000
     subfault banyakthrust      9     2      60.00000      0.00698      0.00000    00.00  000.00    0.0000  00.0000    0.0000   0.0000
     subfault banyakthrust     10     2      60.00000      0.02781      0.00000    00.00  000.00    0.0000  00.0000    0.0000   0.0000
     subfault banyakthrust     11     2      60.00000      0.04404      0.00000    00.00  000.00    0.0000  00.0000    0.0000   0.0000
     subfault banyakthrust     12     2     101.71007      0.05681      0.00000    00.00  000.00    0.0000  00.0000    0.0000   0.0000
     subfault banyakthrust     13     2     120.00000      0.07285      0.00000    00.00  000.00    0.0000  00.0000    0.0000   0.0000
     subfault banyakthrust     14     2     120.00000      0.06076      0.00000    00.00  000.00    0.0000  00.0000    0.0000   0.0000
     subfault banyakthrust     15     2     120.00000      0.03335      0.00000    00.00  000.00    0.0000  00.0000    0.0000   0.0000
     subfault banyakthrust     16     2     120.00000      0.01064      0.00000    00.00  000.00    0.0000  00.0000    0.0000   0.0000
     subfault banyakthrust     17     2     120.00000      0.00069      0.00000    00.00  000.00    0.0000  00.0000    0.0000   0.0000
     subfault banyakthrust     18     2      59.99941      0.00000      0.00000    00.00  000.00    0.0000  00.0000    0.0000   0.0000
     subfault banyakthrust     19     2      60.05304      0.00000      0.00000    00.00  000.00    0.0000  00.0000    0.0000   0.0000
     subfault banyakthrust     20     2     170.00000      0.00000      0.00000    00.00  000.00    0.0000  00.0000    0.0000   0.0000
     subfault banyakthrust     21     2     170.01436      0.00000      0.00000    00.00  000.00    0.0000  00.0000    0.0000   0.0000
     subfault banyakthrust     22     2      60.01915      0.00000      0.00000    00.00  000.00    0.0000  00.0000    0.0000   0.0000
     subfault banyakthrust     23     2     170.00000      0.00000      0.00000    00.00  000.00    0.0000  00.0000    0.0000   0.0000
     subfault banyakthrust      1     3     -10.00000      0.00000      0.00000    00.00  000.00    0.0000  00.0000    0.0000   0.0000
     subfault banyakthrust      2     3     120.00104      0.00000      0.00000    00.00  000.00    0.0000  00.0000    0.0000   0.0000
     subfault banyakthrust      3     3     -10.00000      0.00000      0.00000    00.00  000.00    0.0000  00.0000    0.0000   0.0000
     subfault banyakthrust      4     3     120.01580      0.00000      0.00000    00.00  000.00    0.0000  00.0000    0.0000   0.0000
     subfault banyakthrust      5     3     120.07380      0.00000      0.00000    00.00  000.00    0.0000  00.0000    0.0000   0.0000
     subfault banyakthrust      6     3     119.98364      0.00000      0.00000    00.00  000.00    0.0000  00.0000    0.0000   0.0000
     subfault banyakthrust      7     3     -10.00000      0.00000      0.00000    00.00  000.00    0.0000  00.0000    0.0000   0.0000
     subfault banyakthrust      8     3     -10.00000      0.00000      0.00000    00.00  000.00    0.0000  00.0000    0.0000   0.0000
     subfault banyakthrust      9     3     119.98005      0.00000      0.00000    00.00  000.00    0.0000  00.0000    0.0000   0.0000
     subfault banyakthrust     10     3      60.00000      0.01524      0.00000    00.00  000.00    0.0000  00.0000    0.0000   0.0000
     subfault banyakthrust     11     3      60.00000      0.03660      0.00000    00.00  000.00    0.0000  00.0000    0.0000   0.0000
     subfault banyakthrust     12     3     110.72463      0.06425      0.00000    00.00  000.00    0.0000  00.0000    0.0000   0.0000
     subfault banyakthrust     13     3     120.00000      0.08148      0.00000    00.00  000.00    0.0000  00.0000    0.0000   0.0000
     subfault banyakthrust     14     3     120.00000      0.05763      0.00000    00.00  000.00    0.0000  00.0000    0.0000   0.0000
     subfault banyakthrust     15     3     120.00000      0.02418      0.00000    00.00  000.00    0.0000  00.0000    0.0000   0.0000
     subfault banyakthrust     16     3     120.00000      0.00432      0.00000    00.00  000.00    0.0000  00.0000    0.0000   0.0000
     subfault banyakthrust     17     3      59.99849      0.00000      0.00000    00.00  000.00    0.0000  00.0000    0.0000   0.0000
     subfault banyakthrust     18     3     170.00000      0.00000      0.00000    00.00  000.00    0.0000  00.0000    0.0000   0.0000
     subfault banyakthrust     19     3     170.00000      0.00000      0.00000    00.00  000.00    0.0000  00.0000    0.0000   0.0000
     subfault banyakthrust     20     3      60.00682      0.00000      0.00000    00.00  000.00    0.0000  00.0000    0.0000   0.0000
     subfault banyakthrust     21     3     170.00000      0.00000      0.00000    00.00  000.00    0.0000  00.0000    0.0000   0.0000
     subfault banyakthrust     22     3      60.02671      0.00000      0.00000    00.00  000.00    0.0000  00.0000    0.0000   0.0000
     subfault banyakthrust     23     3      60.46335      0.00000      0.00000    00.00  000.00    0.0000  00.0000    0.0000   0.0000
     subfault banyakthrust      1     4     119.37760      0.00000      0.00000    00.00  000.00    0.0000  00.0000    0.0000   0.0000
     subfault banyakthrust      2     4     -10.00000      0.00000      0.00000    00.00  000.00    0.0000  00.0000    0.0000   0.0000
     subfault banyakthrust      3     4     -10.00000      0.00000      0.00000    00.00  000.00    0.0000  00.0000    0.0000   0.0000
     subfault banyakthrust      4     4     120.00059      0.00000      0.00000    00.00  000.00    0.0000  00.0000    0.0000   0.0000
     subfault banyakthrust      5     4     119.88407      0.00000      0.00000    00.00  000.00    0.0000  00.0000    0.0000   0.0000
     subfault banyakthrust      6     4     120.00640      0.00000      0.00000    00.00  000.00    0.0000  00.0000    0.0000   0.0000
     subfault banyakthrust      7     4     120.00228      0.00000      0.00000    00.00  000.00    0.0000  00.0000    0.0000   0.0000
     subfault banyakthrust      8     4     -10.00000      0.00000      0.00000    00.00  000.00    0.0000  00.0000    0.0000   0.0000
     subfault banyakthrust      9     4     120.00599      0.00000      0.00000    00.00  000.00    0.0000  00.0000    0.0000   0.0000
     subfault banyakthrust     10     4     -10.00000      0.00000      0.00000    00.00  000.00    0.0000  00.0000    0.0000   0.0000
     subfault banyakthrust     11     4      60.00000      0.01838      0.00000    00.00  000.00    0.0000  00.0000    0.0000   0.0000
     subfault banyakthrust     12     4     120.00000      0.06193      0.00000    00.00  000.00    0.0000  00.0000    0.0000   0.0000
     subfault banyakthrust     13     4     120.00000      0.06761      0.00000    00.00  000.00    0.0000  00.0000    0.0000   0.0000
     subfault banyakthrust     14     4     120.00000      0.03204      0.00000    00.00  000.00    0.0000  00.0000    0.0000   0.0000
     subfault banyakthrust     15     4     120.00000      0.00621      0.00000    00.00  000.00    0.0000  00.0000    0.0000   0.0000
     subfault banyakthrust     16     4      59.97887      0.00000      0.00000    00.00  000.00    0.0000  00.0000    0.0000   0.0000
     subfault banyakthrust     17     4     170.00000      0.00000      0.00000    00.00  000.00    0.0000  00.0000    0.0000   0.0000
     subfault banyakthrust     18     4     170.00000      0.00000      0.00000    00.00  000.00    0.0000  00.0000    0.0000   0.0000
     subfault banyakthrust     19     4     170.00000      0.00000      0.00000    00.00  000.00    0.0000  00.0000    0.0000   0.0000
     subfault banyakthrust     20     4     170.00000      0.00000      0.00000    00.00  000.00    0.0000  00.0000    0.0000   0.0000
     subfault banyakthrust     21     4     170.00000      0.00000      0.00000    00.00  000.00    0.0000  00.0000    0.0000   0.0000
     subfault banyakthrust     22     4      60.93081      0.00000      0.00000    00.00  000.00    0.0000  00.0000    0.0000   0.0000
     subfault banyakthrust     23     4      60.14479      0.00000      0.00000    00.00  000.00    0.0000  00.0000    0.0000   0.0000
     subfault banyakthrust      1     5     119.97826      0.00000      0.00000    00.00  000.00    0.0000  00.0000    0.0000   0.0000
     subfault banyakthrust      2     5     119.99102      0.00000      0.00000    00.00  000.00    0.0000  00.0000    0.0000   0.0000
     subfault banyakthrust      3     5     -10.00000      0.00000      0.00000    00.00  000.00    0.0000  00.0000    0.0000   0.0000
     subfault banyakthrust      4     5     -10.00000      0.00000      0.00000    00.00  000.00    0.0000  00.0000    0.0000   0.0000
     subfault banyakthrust      5     5     119.99161      0.00000      0.00000    00.00  000.00    0.0000  00.0000    0.0000   0.0000
     subfault banyakthrust      6     5     -10.00000      0.00000      0.00000    00.00  000.00    0.0000  00.0000    0.0000   0.0000
     subfault banyakthrust      7     5     -10.00000      0.00000      0.00000    00.00  000.00    0.0000  00.0000    0.0000   0.0000
     subfault banyakthrust      8     5     120.57944      0.00000      0.00000    00.00  000.00    0.0000  00.0000    0.0000   0.0000
     subfault banyakthrust      9     5     -10.00000      0.00000      0.00000    00.00  000.00    0.0000  00.0000    0.0000   0.0000
     subfault banyakthrust     10     5     -10.00000      0.00000      0.00000    00.00  000.00    0.0000  00.0000    0.0000   0.0000
     subfault banyakthrust     11     5      60.00000      0.00287      0.00000    00.00  000.00    0.0000  00.0000    0.0000   0.0000
     subfault banyakthrust     12     5     120.00000      0.05161      0.00000    00.00  000.00    0.0000  00.0000    0.0000   0.0000
     subfault banyakthrust     13     5     120.00000      0.03410      0.00000    00.00  000.00    0.0000  00.0000    0.0000   0.0000
     subfault banyakthrust     14     5     120.00000      0.00086      0.00000    00.00  000.00    0.0000  00.0000    0.0000   0.0000
     subfault banyakthrust     15     5     170.00000      0.00000      0.00000    00.00  000.00    0.0000  00.0000    0.0000   0.0000
     subfault banyakthrust     16     5      60.00221      0.00000      0.00000    00.00  000.00    0.0000  00.0000    0.0000   0.0000
     subfault banyakthrust     17     5      59.84239      0.00000      0.00000    00.00  000.00    0.0000  00.0000    0.0000   0.0000
     subfault banyakthrust     18     5      59.44395      0.00000      0.00000    00.00  000.00    0.0000  00.0000    0.0000   0.0000
     subfault banyakthrust     19     5      60.00138      0.00000      0.00000    00.00  000.00    0.0000  00.0000    0.0000   0.0000
     subfault banyakthrust     20     5     170.00000      0.00000      0.00000    00.00  000.00    0.0000  00.0000    0.0000   0.0000
     subfault banyakthrust     21     5      59.84825      0.00000      0.00000    00.00  000.00    0.0000  00.0000    0.0000   0.0000
     subfault banyakthrust     22     5      59.98250      0.00000      0.00000    00.00  000.00    0.0000  00.0000    0.0000   0.0000
     subfault banyakthrust     23     5      59.85720      0.00000      0.00000    00.00  000.00    0.0000  00.0000    0.0000   0.0000
     subfault banyakthrust      1     6     120.04521      0.00000      0.00000    00.00  000.00    0.0000  00.0000    0.0000   0.0000
     subfault banyakthrust      2     6     161.35493      0.00000      0.00000    00.00  000.00    0.0000  00.0000    0.0000   0.0000
     subfault banyakthrust      3     6     119.99465      0.00000      0.00000    00.00  000.00    0.0000  00.0000    0.0000   0.0000
     subfault banyakthrust      4     6      -0.32817      0.00000      0.00000    00.00  000.00    0.0000  00.0000    0.0000   0.0000
     subfault banyakthrust      5     6     -10.00000      0.00000      0.00000    00.00  000.00    0.0000  00.0000    0.0000   0.0000
     subfault banyakthrust      6     6     -10.00000      0.00000      0.00000    00.00  000.00    0.0000  00.0000    0.0000   0.0000
     subfault banyakthrust      7     6     120.00092      0.00000      0.00000    00.00  000.00    0.0000  00.0000    0.0000   0.0000
     subfault banyakthrust      8     6     120.02374      0.00000      0.00000    00.00  000.00    0.0000  00.0000    0.0000   0.0000
     subfault banyakthrust      9     6     -10.00000      0.00000      0.00000    00.00  000.00    0.0000  00.0000    0.0000   0.0000
     subfault banyakthrust     10     6      61.20011      0.00000      0.00000    00.00  000.00    0.0000  00.0000    0.0000   0.0000
     subfault banyakthrust     11     6      59.22775      0.00000      0.00000    00.00  000.00    0.0000  00.0000    0.0000   0.0000
     subfault banyakthrust     12     6     120.00000      0.03221      0.00000    00.00  000.00    0.0000  00.0000    0.0000   0.0000
     subfault banyakthrust     13     6      60.06044      0.00000      0.00000    00.00  000.00    0.0000  00.0000    0.0000   0.0000
     subfault banyakthrust     14     6      59.98680      0.00000      0.00000    00.00  000.00    0.0000  00.0000    0.0000   0.0000
     subfault banyakthrust     15     6     170.00632      0.00000      0.00000    00.00  000.00    0.0000  00.0000    0.0000   0.0000
     subfault banyakthrust     16     6     170.00000      0.00000      0.00000    00.00  000.00    0.0000  00.0000    0.0000   0.0000
     subfault banyakthrust     17     6     170.00000      0.00000      0.00000    00.00  000.00    0.0000  00.0000    0.0000   0.0000
     subfault banyakthrust     18     6      59.99963      0.00000      0.00000    00.00  000.00    0.0000  00.0000    0.0000   0.0000
     subfault banyakthrust     19     6      60.19022      0.00000      0.00000    00.00  000.00    0.0000  00.0000    0.0000   0.0000
     subfault banyakthrust     20     6     170.00000      0.00000      0.00000    00.00  000.00    0.0000  00.0000    0.0000   0.0000
     subfault banyakthrust     21     6      60.37593      0.00000      0.00000    00.00  000.00    0.0000  00.0000    0.0000   0.0000
     subfault banyakthrust     22     6     170.00000      0.00000      0.00000    00.00  000.00    0.0000  00.0000    0.0000   0.0000
     subfault banyakthrust     23     6      59.98643      0.00000      0.00000    00.00  000.00    0.0000  00.0000    0.0000   0.0000
     subfault banyakthrust      1     7     119.99592      0.00000      0.00000    00.00  000.00    0.0000  00.0000    0.0000   0.0000
     subfault banyakthrust      2     7     119.99417      0.00000      0.00000    00.00  000.00    0.0000  00.0000    0.0000   0.0000
     subfault banyakthrust      3     7      80.00000      0.00000      0.00000    00.00  000.00    0.0000  00.0000    0.0000   0.0000
     subfault banyakthrust      4     7     120.07092      0.00000      0.00000    00.00  000.00    0.0000  00.0000    0.0000   0.0000
     subfault banyakthrust      5     7     119.99568      0.00000      0.00000    00.00  000.00    0.0000  00.0000    0.0000   0.0000
     subfault banyakthrust      6     7     119.82392      0.00000      0.00000    00.00  000.00    0.0000  00.0000    0.0000   0.0000
     subfault banyakthrust      7     7      80.00000      0.00000      0.00000    00.00  000.00    0.0000  00.0000    0.0000   0.0000
     subfault banyakthrust      8     7     160.27653      0.00000      0.00000    00.00  000.00    0.0000  00.0000    0.0000   0.0000
     subfault banyakthrust      9     7     -60.00000      0.00000      0.00000    00.00  000.00    0.0000  00.0000    0.0000   0.0000
     subfault banyakthrust     10     7      59.81821      0.00000      0.00000    00.00  000.00    0.0000  00.0000    0.0000   0.0000
     subfault banyakthrust     11     7     170.00000      0.00000      0.00000    00.00  000.00    0.0000  00.0000    0.0000   0.0000
     subfault banyakthrust     12     7      70.83656      0.01572      0.00000    00.00  000.00    0.0000  00.0000    0.0000   0.0000
     subfault banyakthrust     13     7     170.00000      0.00000      0.00000    00.00  000.00    0.0000  00.0000    0.0000   0.0000
     subfault banyakthrust     14     7     170.00000      0.00000      0.00000    00.00  000.00    0.0000  00.0000    0.0000   0.0000
     subfault banyakthrust     15     7      60.07190      0.00000      0.00000    00.00  000.00    0.0000  00.0000    0.0000   0.0000
     subfault banyakthrust     16     7     170.00000      0.00000      0.00000    00.00  000.00    0.0000  00.0000    0.0000   0.0000
     subfault banyakthrust     17     7     170.00000      0.00000      0.00000    00.00  000.00    0.0000  00.0000    0.0000   0.0000
     subfault banyakthrust     18     7      60.06959      0.00000      0.00000    00.00  000.00    0.0000  00.0000    0.0000   0.0000
     subfault banyakthrust     19     7     170.00000      0.00000      0.00000    00.00  000.00    0.0000  00.0000    0.0000   0.0000
     subfault banyakthrust     20     7      60.00068      0.00000      0.00000    00.00  000.00    0.0000  00.0000    0.0000   0.0000
     subfault banyakthrust     21     7      60.00340      0.00000      0.00000    00.00  000.00    0.0000  00.0000    0.0000   0.0000
     subfault banyakthrust     22     7      59.92847      0.00000      0.00000    00.00  000.00    0.0000  00.0000    0.0000   0.0000
     subfault banyakthrust     23     7      68.69007      0.00000      0.00000    00.00  000.00    0.0000  00.0000    0.0000   0.0000
     subfault banyakthrust      1     8     120.02395      0.00000      0.00000    00.00  000.00    0.0000  00.0000    0.0000   0.0000
     subfault banyakthrust      2     8      80.00000      0.00000      0.00000    00.00  000.00    0.0000  00.0000    0.0000   0.0000
     subfault banyakthrust      3     8      80.00000      0.00000      0.00000    00.00  000.00    0.0000  00.0000    0.0000   0.0000
     subfault banyakthrust      4     8     119.25939      0.00000      0.00000    00.00  000.00    0.0000  00.0000    0.0000   0.0000
     subfault banyakthrust      5     8      -1.40532      0.00000      0.00000    00.00  000.00    0.0000  00.0000    0.0000   0.0000
     subfault banyakthrust      6     8      80.00000      0.00000      0.00000    00.00  000.00    0.0000  00.0000    0.0000   0.0000
     subfault banyakthrust      7     8     120.00000      0.00000      0.00000    00.00  000.00    0.0000  00.0000    0.0000   0.0000
     subfault banyakthrust      8     8      -2.47437      0.00000      0.00000    00.00  000.00    0.0000  00.0000    0.0000   0.0000
     subfault banyakthrust      9     8      80.00000      0.00000      0.00000    00.00  000.00    0.0000  00.0000    0.0000   0.0000
     subfault banyakthrust     10     8     118.65981      0.00000      0.00000    00.00  000.00    0.0000  00.0000    0.0000   0.0000
     subfault banyakthrust     11     8      58.19859      0.00000      0.00000    00.00  000.00    0.0000  00.0000    0.0000   0.0000
     subfault banyakthrust     12     8      60.00000      0.03995      0.00000    00.00  000.00    0.0000  00.0000    0.0000   0.0000
     subfault banyakthrust     13     8      60.00000      0.00918      0.00000    00.00  000.00    0.0000  00.0000    0.0000   0.0000
     subfault banyakthrust     14     8     167.84388      0.00000      0.00000    00.00  000.00    0.0000  00.0000    0.0000   0.0000
     subfault banyakthrust     15     8      59.77514      0.00000      0.00000    00.00  000.00    0.0000  00.0000    0.0000   0.0000
     subfault banyakthrust     16     8      80.00000      0.00000      0.00000    00.00  000.00    0.0000  00.0000    0.0000   0.0000
     subfault banyakthrust     17     8      -7.39729      0.00000      0.00000    00.00  000.00    0.0000  00.0000    0.0000   0.0000
     subfault banyakthrust     18     8      80.00000      0.00000      0.00000    00.00  000.00    0.0000  00.0000    0.0000   0.0000
     subfault banyakthrust     19     8      60.58851      0.00000      0.00000    00.00  000.00    0.0000  00.0000    0.0000   0.0000
     subfault banyakthrust     20     8     170.00000      0.00000      0.00000    00.00  000.00    0.0000  00.0000    0.0000   0.0000
     subfault banyakthrust     21     8      59.44395      0.00000      0.00000    00.00  000.00    0.0000  00.0000    0.0000   0.0000
     subfault banyakthrust     22     8     169.81215      0.00000      0.00000    00.00  000.00    0.0000  00.0000    0.0000   0.0000
     subfault banyakthrust     23     8     170.00000      0.00000      0.00000    00.00  000.00    0.0000  00.0000    0.0000   0.0000
     subfault banyakthrust      1     9      80.00000      0.00000      0.00000    00.00  000.00    0.0000  00.0000    0.0000   0.0000
     subfault banyakthrust      2     9      80.00000      0.00000      0.00000    00.00  000.00    0.0000  00.0000    0.0000   0.0000
     subfault banyakthrust      3     9     119.09386      0.00000      0.00000    00.00  000.00    0.0000  00.0000    0.0000   0.0000
     subfault banyakthrust      4     9     106.56505      0.00000      0.00000    00.00  000.00    0.0000  00.0000    0.0000   0.0000
     subfault banyakthrust      5     9      80.00000      0.00000      0.00000    00.00  000.00    0.0000  00.0000    0.0000   0.0000
     subfault banyakthrust      6     9      65.96376      0.00000      0.00000    00.00  000.00    0.0000  00.0000    0.0000   0.0000
     subfault banyakthrust      7     9      61.20011      0.00000      0.00000    00.00  000.00    0.0000  00.0000    0.0000   0.0000
     subfault banyakthrust      8     9     160.19986      0.00000      0.00000    00.00  000.00    0.0000  00.0000    0.0000   0.0000
     subfault banyakthrust      9     9     120.00447      0.00000      0.00000    00.00  000.00    0.0000  00.0000    0.0000   0.0000
     subfault banyakthrust     10     9     119.99986      0.00000      0.00000    00.00  000.00    0.0000  00.0000    0.0000   0.0000
     subfault banyakthrust     11     9     120.00000      0.00505      0.00000    00.00  000.00    0.0000  00.0000    0.0000   0.0000
     subfault banyakthrust     12     9      60.00000      0.16385      0.00000    00.00  000.00    0.0000  00.0000    0.0000   0.0000
     subfault banyakthrust     13     9      60.00000      0.25890      0.00000    00.00  000.00    0.0000  00.0000    0.0000   0.0000
     subfault banyakthrust     14     9      60.00000      0.14256      0.00000    00.00  000.00    0.0000  00.0000    0.0000   0.0000
     subfault banyakthrust     15     9      60.00000      0.00513      0.00000    00.00  000.00    0.0000  00.0000    0.0000   0.0000
     subfault banyakthrust     16     9     -10.00000      0.00000      0.00000    00.00  000.00    0.0000  00.0000    0.0000   0.0000
     subfault banyakthrust     17     9     120.05579      0.00000      0.00000    00.00  000.00    0.0000  00.0000    0.0000   0.0000
     subfault banyakthrust     18     9      80.00000      0.00000      0.00000    00.00  000.00    0.0000  00.0000    0.0000   0.0000
     subfault banyakthrust     19     9     -10.00000      0.00000      0.00000    00.00  000.00    0.0000  00.0000    0.0000   0.0000
     subfault banyakthrust     20     9     119.04589      0.00000      0.00000    00.00  000.00    0.0000  00.0000    0.0000   0.0000
     subfault banyakthrust     21     9     167.59913      0.00000      0.00000    00.00  000.00    0.0000  00.0000    0.0000   0.0000
     subfault banyakthrust     22     9      59.59012      0.00000      0.00000    00.00  000.00    0.0000  00.0000    0.0000   0.0000
     subfault banyakthrust     23     9      50.25512      0.00000      0.00000    00.00  000.00    0.0000  00.0000    0.0000   0.0000
     subfault banyakthrust      1    10     119.24543      0.00000      0.00000    00.00  000.00    0.0000  00.0000    0.0000   0.0000
     subfault banyakthrust      2    10     120.25348      0.00000      0.00000    00.00  000.00    0.0000  00.0000    0.0000   0.0000
     subfault banyakthrust      3    10     123.15239      0.00000      0.00000    00.00  000.00    0.0000  00.0000    0.0000   0.0000
     subfault banyakthrust      4    10      80.00000      0.00000      0.00000    00.00  000.00    0.0000  00.0000    0.0000   0.0000
     subfault banyakthrust      5    10     170.00000      0.00000      0.00000    00.00  000.00    0.0000  00.0000    0.0000   0.0000
     subfault banyakthrust      6    10      59.70243      0.00000      0.00000    00.00  000.00    0.0000  00.0000    0.0000   0.0000
     subfault banyakthrust      7    10     170.30970      0.00000      0.00000    00.00  000.00    0.0000  00.0000    0.0000   0.0000
     subfault banyakthrust      8    10      58.74949      0.00000      0.00000    00.00  000.00    0.0000  00.0000    0.0000   0.0000
     subfault banyakthrust      9    10      35.00000      0.00000      0.00000    00.00  000.00    0.0000  00.0000    0.0000   0.0000
     subfault banyakthrust     10    10     119.98190      0.00000      0.00000    00.00  000.00    0.0000  00.0000    0.0000   0.0000
     subfault banyakthrust     11    10      61.00233      0.06856      0.00000    00.00  000.00    0.0000  00.0000    0.0000   0.0000
     subfault banyakthrust     12    10      60.00000      0.38858      0.00000    00.00  000.00    0.0000  00.0000    0.0000   0.0000
     subfault banyakthrust     13    10      60.00000      0.75418      0.00000    00.00  000.00    0.0000  00.0000    0.0000   0.0000
     subfault banyakthrust     14    10      60.00000      0.80372      0.00000    00.00  000.00    0.0000  00.0000    0.0000   0.0000
     subfault banyakthrust     15    10      60.00000      0.57450      0.00000    00.00  000.00    0.0000  00.0000    0.0000   0.0000
     subfault banyakthrust     16    10      60.00000      0.31201      0.00000    00.00  000.00    0.0000  00.0000    0.0000   0.0000
     subfault banyakthrust     17    10      60.00000      0.10275      0.00000    00.00  000.00    0.0000  00.0000    0.0000   0.0000
     subfault banyakthrust     18    10     -10.00000      0.00000      0.00000    00.00  000.00    0.0000  00.0000    0.0000   0.0000
     subfault banyakthrust     19    10     120.13549      0.00000      0.00000    00.00  000.00    0.0000  00.0000    0.0000   0.0000
     subfault banyakthrust     20    10     -10.00000      0.00000      0.00000    00.00  000.00    0.0000  00.0000    0.0000   0.0000
     subfault banyakthrust     21    10      61.56505      0.00000      0.00000    00.00  000.00    0.0000  00.0000    0.0000   0.0000
     subfault banyakthrust     22    10     167.03657      0.00000      0.00000    00.00  000.00    0.0000  00.0000    0.0000   0.0000
     subfault banyakthrust     23    10      80.00000      0.00000      0.00000    00.00  000.00    0.0000  00.0000    0.0000   0.0000
     subfault banyakthrust      1    11     116.86990      0.00000      0.00000    00.00  000.00    0.0000  00.0000    0.0000   0.0000
     subfault banyakthrust      2    11      80.00000      0.00000      0.00000    00.00  000.00    0.0000  00.0000    0.0000   0.0000
     subfault banyakthrust      3    11     120.02670      0.00000      0.00000    00.00  000.00    0.0000  00.0000    0.0000   0.0000
     subfault banyakthrust      4    11     120.50285      0.00000      0.00000    00.00  000.00    0.0000  00.0000    0.0000   0.0000
     subfault banyakthrust      5    11      61.56505      0.00000      0.00000    00.00  000.00    0.0000  00.0000    0.0000   0.0000
     subfault banyakthrust      6    11      60.00163      0.00000      0.00000    00.00  000.00    0.0000  00.0000    0.0000   0.0000
     subfault banyakthrust      7    11      59.32558      0.00000      0.00000    00.00  000.00    0.0000  00.0000    0.0000   0.0000
     subfault banyakthrust      8    11     120.00000      0.00338      0.00000    00.00  000.00    0.0000  00.0000    0.0000   0.0000
     subfault banyakthrust      9    11     120.00000      0.01511      0.00000    00.00  000.00    0.0000  00.0000    0.0000   0.0000
     subfault banyakthrust     10    11     120.00000      0.03706      0.00000    00.00  000.00    0.0000  00.0000    0.0000   0.0000
     subfault banyakthrust     11    11      71.33706      0.15127      0.00000    00.00  000.00    0.0000  00.0000    0.0000   0.0000
     subfault banyakthrust     12    11      60.00000      0.58479      0.00000    00.00  000.00    0.0000  00.0000    0.0000   0.0000
     subfault banyakthrust     13    11      60.00000      1.22973      0.00000    00.00  000.00    0.0000  00.0000    0.0000   0.0000
     subfault banyakthrust     14    11      60.00000      1.60643      0.00000    00.00  000.00    0.0000  00.0000    0.0000   0.0000
     subfault banyakthrust     15    11      60.00000      1.44000      0.00000    00.00  000.00    0.0000  00.0000    0.0000   0.0000
     subfault banyakthrust     16    11      60.00000      0.98320      0.00000    00.00  000.00    0.0000  00.0000    0.0000   0.0000
     subfault banyakthrust     17    11      60.00000      0.50648      0.00000    00.00  000.00    0.0000  00.0000    0.0000   0.0000
     subfault banyakthrust     18    11      60.00000      0.17311      0.00000    00.00  000.00    0.0000  00.0000    0.0000   0.0000
     subfault banyakthrust     19    11      60.00000      0.02471      0.00000    00.00  000.00    0.0000  00.0000    0.0000   0.0000
     subfault banyakthrust     20    11     -10.00000      0.00000      0.00000    00.00  000.00    0.0000  00.0000    0.0000   0.0000
     subfault banyakthrust     21    11     119.99921      0.00000      0.00000    00.00  000.00    0.0000  00.0000    0.0000   0.0000
     subfault banyakthrust     22    11      80.00000      0.00000      0.00000    00.00  000.00    0.0000  00.0000    0.0000   0.0000
     subfault banyakthrust     23    11       0.00000      0.00000      0.00000    00.00  000.00    0.0000  00.0000    0.0000   0.0000
     subfault banyakthrust      1    12     121.18593      0.00000      0.00000    00.00  000.00    0.0000  00.0000    0.0000   0.0000
     subfault banyakthrust      2    12      -0.40020      0.00000      0.00000    00.00  000.00    0.0000  00.0000    0.0000   0.0000
     subfault banyakthrust      3    12      -1.80890      0.00000      0.00000    00.00  000.00    0.0000  00.0000    0.0000   0.0000
     subfault banyakthrust      4    12       2.96963      0.00000      0.00000    00.00  000.00    0.0000  00.0000    0.0000   0.0000
     subfault banyakthrust      5    12      64.05460      0.00000      0.00000    00.00  000.00    0.0000  00.0000    0.0000   0.0000
     subfault banyakthrust      6    12     170.00000      0.00000      0.00000    00.00  000.00    0.0000  00.0000    0.0000   0.0000
     subfault banyakthrust      7    12      59.99948      0.00000      0.00000    00.00  000.00    0.0000  00.0000    0.0000   0.0000
     subfault banyakthrust      8    12     120.00000      0.01035      0.00000    00.00  000.00    0.0000  00.0000    0.0000   0.0000
     subfault banyakthrust      9    12     120.00000      0.04344      0.00000    00.00  000.00    0.0000  00.0000    0.0000   0.0000
     subfault banyakthrust     10    12     120.00000      0.10892      0.00000    00.00  000.00    0.0000  00.0000    0.0000   0.0000
     subfault banyakthrust     11    12      96.23869      0.24933      0.00000    00.00  000.00    0.0000  00.0000    0.0000   0.0000
     subfault banyakthrust     12    12      74.88460      0.65679      0.00000    00.00  000.00    0.0000  00.0000    0.0000   0.0000
     subfault banyakthrust     13    12      68.35958      1.41260      0.00000    00.00  000.00    0.0000  00.0000    0.0000   0.0000
     subfault banyakthrust     14    12      66.85235      2.06552      0.00000    00.00  000.00    0.0000  00.0000    0.0000   0.0000
     subfault banyakthrust     15    12      65.21710      2.05961      0.00000    00.00  000.00    0.0000  00.0000    0.0000   0.0000
     subfault banyakthrust     16    12      62.72010      1.56583      0.00000    00.00  000.00    0.0000  00.0000    0.0000   0.0000
     subfault banyakthrust     17    12      60.00000      0.93993      0.00000    00.00  000.00    0.0000  00.0000    0.0000   0.0000
     subfault banyakthrust     18    12      60.00000      0.42567      0.00000    00.00  000.00    0.0000  00.0000    0.0000   0.0000
     subfault banyakthrust     19    12      60.00000      0.12089      0.00000    00.00  000.00    0.0000  00.0000    0.0000   0.0000
     subfault banyakthrust     20    12      60.00000      0.00685      0.00000    00.00  000.00    0.0000  00.0000    0.0000   0.0000
     subfault banyakthrust     21    12     120.00322      0.00000      0.00000    00.00  000.00    0.0000  00.0000    0.0000   0.0000
     subfault banyakthrust     22    12     166.86547      0.00000      0.00000    00.00  000.00    0.0000  00.0000    0.0000   0.0000
     subfault banyakthrust     23    12     -10.00000      0.00000      0.00000    00.00  000.00    0.0000  00.0000    0.0000   0.0000
     subfault banyakthrust      1    13     120.75155      0.00000      0.00000    00.00  000.00    0.0000  00.0000    0.0000   0.0000
     subfault banyakthrust      2    13     120.10831      0.00000      0.00000    00.00  000.00    0.0000  00.0000    0.0000   0.0000
     subfault banyakthrust      3    13     129.39871      0.00000      0.00000    00.00  000.00    0.0000  00.0000    0.0000   0.0000
     subfault banyakthrust      4    13      80.00000      0.00000      0.00000    00.00  000.00    0.0000  00.0000    0.0000   0.0000
     subfault banyakthrust      5    13      60.55997      0.00000      0.00000    00.00  000.00    0.0000  00.0000    0.0000   0.0000
     subfault banyakthrust      6    13      59.98066      0.00000      0.00000    00.00  000.00    0.0000  00.0000    0.0000   0.0000
     subfault banyakthrust      7    13      60.01158      0.00000      0.00000    00.00  000.00    0.0000  00.0000    0.0000   0.0000
     subfault banyakthrust      8    13     120.00000      0.01237      0.00000    00.00  000.00    0.0000  00.0000    0.0000   0.0000
     subfault banyakthrust      9    13     120.00000      0.05858      0.00000    00.00  000.00    0.0000  00.0000    0.0000   0.0000
     subfault banyakthrust     10    13     120.00000      0.16099      0.00000    00.00  000.00    0.0000  00.0000    0.0000   0.0000
     subfault banyakthrust     11    13     113.19831      0.34922      0.00000    00.00  000.00    0.0000  00.0000    0.0000   0.0000
     subfault banyakthrust     12    13     100.05806      0.69557      0.00000    00.00  000.00    0.0000  00.0000    0.0000   0.0000
     subfault banyakthrust     13    13      88.22927      1.31478      0.00000    00.00  000.00    0.0000  00.0000    0.0000   0.0000
     subfault banyakthrust     14    13      80.87875      1.99105      0.00000    00.00  000.00    0.0000  00.0000    0.0000   0.0000
     subfault banyakthrust     15    13      75.73868      2.11355      0.00000    00.00  000.00    0.0000  00.0000    0.0000   0.0000
     subfault banyakthrust     16    13      70.64919      1.70579      0.00000    00.00  000.00    0.0000  00.0000    0.0000   0.0000
     subfault banyakthrust     17    13      65.22364      1.10325      0.00000    00.00  000.00    0.0000  00.0000    0.0000   0.0000
     subfault banyakthrust     18    13      60.66402      0.56200      0.00000    00.00  000.00    0.0000  00.0000    0.0000   0.0000
     subfault banyakthrust     19    13      60.00000      0.19953      0.00000    00.00  000.00    0.0000  00.0000    0.0000   0.0000
     subfault banyakthrust     20    13      60.00000      0.03114      0.00000    00.00  000.00    0.0000  00.0000    0.0000   0.0000
     subfault banyakthrust     21    13     119.95755      0.00000      0.00000    00.00  000.00    0.0000  00.0000    0.0000   0.0000
     subfault banyakthrust     22    13     106.56505      0.00000      0.00000    00.00  000.00    0.0000  00.0000    0.0000   0.0000
     subfault banyakthrust     23    13     -10.00000      0.00000      0.00000    00.00  000.00    0.0000  00.0000    0.0000   0.0000
     subfault banyakthrust      1    14     170.00000      0.00000      0.00000    00.00  000.00    0.0000  00.0000    0.0000   0.0000
     subfault banyakthrust      2    14     106.56505      0.00000      0.00000    00.00  000.00    0.0000  00.0000    0.0000   0.0000
     subfault banyakthrust      3    14     121.42367      0.00000      0.00000    00.00  000.00    0.0000  00.0000    0.0000   0.0000
     subfault banyakthrust      4    14     125.00000      0.00000      0.00000    00.00  000.00    0.0000  00.0000    0.0000   0.0000
     subfault banyakthrust      5    14     170.00000      0.00000      0.00000    00.00  000.00    0.0000  00.0000    0.0000   0.0000
     subfault banyakthrust      6    14     170.00000      0.00000      0.00000    00.00  000.00    0.0000  00.0000    0.0000   0.0000
     subfault banyakthrust      7    14     120.00000      0.00000      0.00000    00.00  000.00    0.0000  00.0000    0.0000   0.0000
     subfault banyakthrust      8    14     120.00000      0.00674      0.00000    00.00  000.00    0.0000  00.0000    0.0000   0.0000
     subfault banyakthrust      9    14     120.00000      0.04578      0.00000    00.00  000.00    0.0000  00.0000    0.0000   0.0000
     subfault banyakthrust     10    14     120.00000      0.14416      0.00000    00.00  000.00    0.0000  00.0000    0.0000   0.0000
     subfault banyakthrust     11    14     119.74148      0.33054      0.00000    00.00  000.00    0.0000  00.0000    0.0000   0.0000
     subfault banyakthrust     12    14     114.98807      0.62879      0.00000    00.00  000.00    0.0000  00.0000    0.0000   0.0000
     subfault banyakthrust     13    14     107.20594      1.04822      0.00000    00.00  000.00    0.0000  00.0000    0.0000   0.0000
     subfault banyakthrust     14    14      96.88704      1.49354      0.00000    00.00  000.00    0.0000  00.0000    0.0000   0.0000
     subfault banyakthrust     15    14      87.62146      1.62756      0.00000    00.00  000.00    0.0000  00.0000    0.0000   0.0000
     subfault banyakthrust     16    14      79.48182      1.36806      0.00000    00.00  000.00    0.0000  00.0000    0.0000   0.0000
     subfault banyakthrust     17    14      71.50996      0.92293      0.00000    00.00  000.00    0.0000  00.0000    0.0000   0.0000
     subfault banyakthrust     18    14      63.97044      0.49546      0.00000    00.00  000.00    0.0000  00.0000    0.0000   0.0000
     subfault banyakthrust     19    14      60.00000      0.19083      0.00000    00.00  000.00    0.0000  00.0000    0.0000   0.0000
     subfault banyakthrust     20    14      60.00000      0.03601      0.00000    00.00  000.00    0.0000  00.0000    0.0000   0.0000
     subfault banyakthrust     21    14     -10.00000      0.00000      0.00000    00.00  000.00    0.0000  00.0000    0.0000   0.0000
     subfault banyakthrust     22    14     119.94617      0.00000      0.00000    00.00  000.00    0.0000  00.0000    0.0000   0.0000
     subfault banyakthrust     23    14     -10.00000      0.00000      0.00000    00.00  000.00    0.0000  00.0000    0.0000   0.0000
     subfault banyakthrust      1    15      60.07442      0.00000      0.00000    00.00  000.00    0.0000  00.0000    0.0000   0.0000
     subfault banyakthrust      2    15     170.00000      0.00000      0.00000    00.00  000.00    0.0000  00.0000    0.0000   0.0000
     subfault banyakthrust      3    15      80.00000      0.00000      0.00000    00.00  000.00    0.0000  00.0000    0.0000   0.0000
     subfault banyakthrust      4    15       0.00000      0.00000      0.00000    00.00  000.00    0.0000  00.0000    0.0000   0.0000
     subfault banyakthrust      5    15     170.00000      0.00000      0.00000    00.00  000.00    0.0000  00.0000    0.0000   0.0000
     subfault banyakthrust      6    15      60.75047      0.00000      0.00000    00.00  000.00    0.0000  00.0000    0.0000   0.0000
     subfault banyakthrust      7    15     169.96528      0.00000      0.00000    00.00  000.00    0.0000  00.0000    0.0000   0.0000
     subfault banyakthrust      8    15     120.00000      0.00002      0.00000    00.00  000.00    0.0000  00.0000    0.0000   0.0000
     subfault banyakthrust      9    15     120.00000      0.01886      0.00000    00.00  000.00    0.0000  00.0000    0.0000   0.0000
     subfault banyakthrust     10    15     120.00000      0.07899      0.00000    00.00  000.00    0.0000  00.0000    0.0000   0.0000
     subfault banyakthrust     11    15     120.00000      0.19915      0.00000    00.00  000.00    0.0000  00.0000    0.0000   0.0000
     subfault banyakthrust     12    15     120.00000      0.38382      0.00000    00.00  000.00    0.0000  00.0000    0.0000   0.0000
     subfault banyakthrust     13    15     117.54326      0.60636      0.00000    00.00  000.00    0.0000  00.0000    0.0000   0.0000
     subfault banyakthrust     14    15     109.87825      0.80469      0.00000    00.00  000.00    0.0000  00.0000    0.0000   0.0000
     subfault banyakthrust     15    15      98.03464      0.88561      0.00000    00.00  000.00    0.0000  00.0000    0.0000   0.0000
     subfault banyakthrust     16    15      86.60873      0.77821      0.00000    00.00  000.00    0.0000  00.0000    0.0000   0.0000
     subfault banyakthrust     17    15      75.94736      0.54282      0.00000    00.00  000.00    0.0000  00.0000    0.0000   0.0000
     subfault banyakthrust     18    15      65.85348      0.29536      0.00000    00.00  000.00    0.0000  00.0000    0.0000   0.0000
     subfault banyakthrust     19    15      60.00000      0.11157      0.00000    00.00  000.00    0.0000  00.0000    0.0000   0.0000
     subfault banyakthrust     20    15      60.00000      0.01771      0.00000    00.00  000.00    0.0000  00.0000    0.0000   0.0000
     subfault banyakthrust     21    15     120.00216      0.00000      0.00000    00.00  000.00    0.0000  00.0000    0.0000   0.0000
     subfault banyakthrust     22    15     -10.00000      0.00000      0.00000    00.00  000.00    0.0000  00.0000    0.0000   0.0000
     subfault banyakthrust     23    15     -10.00000      0.00000      0.00000    00.00  000.00    0.0000  00.0000    0.0000   0.0000
     subfault banyakthrust      1    16     170.00000      0.00000      0.00000    00.00  000.00    0.0000  00.0000    0.0000   0.0000
     subfault banyakthrust      2    16      59.98124      0.00000      0.00000    00.00  000.00    0.0000  00.0000    0.0000   0.0000
     subfault banyakthrust      3    16      59.96805      0.00000      0.00000    00.00  000.00    0.0000  00.0000    0.0000   0.0000
     subfault banyakthrust      4    16      59.97478      0.00000      0.00000    00.00  000.00    0.0000  00.0000    0.0000   0.0000
     subfault banyakthrust      5    16     170.00000      0.00000      0.00000    00.00  000.00    0.0000  00.0000    0.0000   0.0000
     subfault banyakthrust      6    16     170.00000      0.00000      0.00000    00.00  000.00    0.0000  00.0000    0.0000   0.0000
     subfault banyakthrust      7    16     170.00000      0.00000      0.00000    00.00  000.00    0.0000  00.0000    0.0000   0.0000
     subfault banyakthrust      8    16      60.46335      0.00000      0.00000    00.00  000.00    0.0000  00.0000    0.0000   0.0000
     subfault banyakthrust      9    16     120.00000      0.00148      0.00000    00.00  000.00    0.0000  00.0000    0.0000   0.0000
     subfault banyakthrust     10    16     120.00000      0.02137      0.00000    00.00  000.00    0.0000  00.0000    0.0000   0.0000
     subfault banyakthrust     11    16     120.00000      0.06841      0.00000    00.00  000.00    0.0000  00.0000    0.0000   0.0000
     subfault banyakthrust     12    16     120.00000      0.13915      0.00000    00.00  000.00    0.0000  00.0000    0.0000   0.0000
     subfault banyakthrust     13    16     120.00000      0.21043      0.00000    00.00  000.00    0.0000  00.0000    0.0000   0.0000
     subfault banyakthrust     14    16     119.34562      0.25905      0.00000    00.00  000.00    0.0000  00.0000    0.0000   0.0000
     subfault banyakthrust     15    16     106.88792      0.28425      0.00000    00.00  000.00    0.0000  00.0000    0.0000   0.0000
     subfault banyakthrust     16    16      90.39570      0.26628      0.00000    00.00  000.00    0.0000  00.0000    0.0000   0.0000
     subfault banyakthrust     17    16      75.78405      0.19317      0.00000    00.00  000.00    0.0000  00.0000    0.0000   0.0000
     subfault banyakthrust     18    16      62.94016      0.10123      0.00000    00.00  000.00    0.0000  00.0000    0.0000   0.0000
     subfault banyakthrust     19    16      60.00000      0.03102      0.00000    00.00  000.00    0.0000  00.0000    0.0000   0.0000
     subfault banyakthrust     20    16     119.99981      0.00000      0.00000    00.00  000.00    0.0000  00.0000    0.0000   0.0000
     subfault banyakthrust     21    16     119.99483      0.00000      0.00000    00.00  000.00    0.0000  00.0000    0.0000   0.0000
     subfault banyakthrust     22    16     -10.00000      0.00000      0.00000    00.00  000.00    0.0000  00.0000    0.0000   0.0000
     subfault banyakthrust     23    16     -10.00000      0.00000      0.00000    00.00  000.00    0.0000  00.0000    0.0000   0.0000
     subfault banyakthrust      1    17       2.96963      0.00000      0.00000    00.00  000.00    0.0000  00.0000    0.0000   0.0000
     subfault banyakthrust      2    17     159.50375      0.00000      0.00000    00.00  000.00    0.0000  00.0000    0.0000   0.0000
     subfault banyakthrust      3    17     158.90380      0.00000      0.00000    00.00  000.00    0.0000  00.0000    0.0000   0.0000
     subfault banyakthrust      4    17     119.86848      0.00000      0.00000    00.00  000.00    0.0000  00.0000    0.0000   0.0000
     subfault banyakthrust      5    17     170.00000      0.00000      0.00000    00.00  000.00    0.0000  00.0000    0.0000   0.0000
     subfault banyakthrust      6    17      59.99268      0.00000      0.00000    00.00  000.00    0.0000  00.0000    0.0000   0.0000
     subfault banyakthrust      7    17     170.00000      0.00000      0.00000    00.00  000.00    0.0000  00.0000    0.0000   0.0000
     subfault banyakthrust      8    17      59.92847      0.00000      0.00000    00.00  000.00    0.0000  00.0000    0.0000   0.0000
     subfault banyakthrust      9    17      59.93479      0.00000      0.00000    00.00  000.00    0.0000  00.0000    0.0000   0.0000
     subfault banyakthrust     10    17     170.00000      0.00000      0.00000    00.00  000.00    0.0000  00.0000    0.0000   0.0000
     subfault banyakthrust     11    17     120.00000      0.00572      0.00000    00.00  000.00    0.0000  00.0000    0.0000   0.0000
     subfault banyakthrust     12    17     120.00000      0.01747      0.00000    00.00  000.00    0.0000  00.0000    0.0000   0.0000
     subfault banyakthrust     13    17     120.00000      0.02331      0.00000    00.00  000.00    0.0000  00.0000    0.0000   0.0000
     subfault banyakthrust     14    17     120.00000      0.01839      0.00000    00.00  000.00    0.0000  00.0000    0.0000   0.0000
     subfault banyakthrust     15    17     120.00000      0.01729      0.00000    00.00  000.00    0.0000  00.0000    0.0000   0.0000
     subfault banyakthrust     16    17      76.75521      0.02295      0.00000    00.00  000.00    0.0000  00.0000    0.0000   0.0000
     subfault banyakthrust     17    17      60.00000      0.02059      0.00000    00.00  000.00    0.0000  00.0000    0.0000   0.0000
     subfault banyakthrust     18    17      60.00000      0.00661      0.00000    00.00  000.00    0.0000  00.0000    0.0000   0.0000
     subfault banyakthrust     19    17     -10.00000      0.00000      0.00000    00.00  000.00    0.0000  00.0000    0.0000   0.0000
     subfault banyakthrust     20    17     119.99902      0.00000      0.00000    00.00  000.00    0.0000  00.0000    0.0000   0.0000
     subfault banyakthrust     21    17     -10.00000      0.00000      0.00000    00.00  000.00    0.0000  00.0000    0.0000   0.0000
     subfault banyakthrust     22    17     119.46021      0.00000      0.00000    00.00  000.00    0.0000  00.0000    0.0000   0.0000
     subfault banyakthrust     23    17     -12.72631      0.00000      0.00000    00.00  000.00    0.0000  00.0000    0.0000   0.0000
     subfault banyakthrust      1    18      61.56505      0.00000      0.00000    00.00  000.00    0.0000  00.0000    0.0000   0.0000
     subfault banyakthrust      2    18      60.06959      0.00000      0.00000    00.00  000.00    0.0000  00.0000    0.0000   0.0000
     subfault banyakthrust      3    18      53.43495      0.00000      0.00000    00.00  000.00    0.0000  00.0000    0.0000   0.0000
     subfault banyakthrust      4    18     120.00149      0.00000      0.00000    00.00  000.00    0.0000  00.0000    0.0000   0.0000
     subfault banyakthrust      5    18     119.82924      0.00000      0.00000    00.00  000.00    0.0000  00.0000    0.0000   0.0000
     subfault banyakthrust      6    18     119.66150      0.00000      0.00000    00.00  000.00    0.0000  00.0000    0.0000   0.0000
     subfault banyakthrust      7    18     120.00000      0.00018      0.00000    00.00  000.00    0.0000  00.0000    0.0000   0.0000
     subfault banyakthrust      8    18     120.00000      0.00047      0.00000    00.00  000.00    0.0000  00.0000    0.0000   0.0000
     subfault banyakthrust      9    18     120.00000      0.00047      0.00000    00.00  000.00    0.0000  00.0000    0.0000   0.0000
     subfault banyakthrust     10    18     120.15600      0.00000      0.00000    00.00  000.00    0.0000  00.0000    0.0000   0.0000
     subfault banyakthrust     11    18     125.00000      0.00000      0.00000    00.00  000.00    0.0000  00.0000    0.0000   0.0000
     subfault banyakthrust     12    18     -60.00000      0.00000      0.00000    00.00  000.00    0.0000  00.0000    0.0000   0.0000
     subfault banyakthrust     13    18     120.03488      0.00000      0.00000    00.00  000.00    0.0000  00.0000    0.0000   0.0000
     subfault banyakthrust     14    18     119.80557      0.00000      0.00000    00.00  000.00    0.0000  00.0000    0.0000   0.0000
     subfault banyakthrust     15    18     120.08025      0.00000      0.00000    00.00  000.00    0.0000  00.0000    0.0000   0.0000
     subfault banyakthrust     16    18     120.01878      0.00000      0.00000    00.00  000.00    0.0000  00.0000    0.0000   0.0000
     subfault banyakthrust     17    18     119.95137      0.00000      0.00000    00.00  000.00    0.0000  00.0000    0.0000   0.0000
     subfault banyakthrust     18    18     119.98923      0.00000      0.00000    00.00  000.00    0.0000  00.0000    0.0000   0.0000
     subfault banyakthrust     19    18     119.99615      0.00000      0.00000    00.00  000.00    0.0000  00.0000    0.0000   0.0000
     subfault banyakthrust     20    18     -10.00000      0.00000      0.00000    00.00  000.00    0.0000  00.0000    0.0000   0.0000
     subfault banyakthrust     21    18     -10.00000      0.00000      0.00000    00.00  000.00    0.0000  00.0000    0.0000   0.0000
     subfault banyakthrust     22    18     -10.00000      0.00000      0.00000    00.00  000.00    0.0000  00.0000    0.0000   0.0000
     subfault banyakthrust     23    18     119.91866      0.00000      0.00000    00.00  000.00    0.0000  00.0000    0.0000   0.0000
     subfault banyakthrust      1    19     170.00000      0.00000      0.00000    00.00  000.00    0.0000  00.0000    0.0000   0.0000
     subfault banyakthrust      2    19      57.75098      0.00000      0.00000    00.00  000.00    0.0000  00.0000    0.0000   0.0000
     subfault banyakthrust      3    19     170.00000      0.00000      0.00000    00.00  000.00    0.0000  00.0000    0.0000   0.0000
     subfault banyakthrust      4    19     170.00000      0.00000      0.00000    00.00  000.00    0.0000  00.0000    0.0000   0.0000
     subfault banyakthrust      5    19     120.00000      0.00025      0.00000    00.00  000.00    0.0000  00.0000    0.0000   0.0000
     subfault banyakthrust      6    19     120.00000      0.00109      0.00000    00.00  000.00    0.0000  00.0000    0.0000   0.0000
     subfault banyakthrust      7    19     120.00000      0.00250      0.00000    00.00  000.00    0.0000  00.0000    0.0000   0.0000
     subfault banyakthrust      8    19     120.00000      0.00420      0.00000    00.00  000.00    0.0000  00.0000    0.0000   0.0000
     subfault banyakthrust      9    19     120.00000      0.00565      0.00000    00.00  000.00    0.0000  00.0000    0.0000   0.0000
     subfault banyakthrust     10    19     120.00000      0.00639      0.00000    00.00  000.00    0.0000  00.0000    0.0000   0.0000
     subfault banyakthrust     11    19     120.00000      0.00623      0.00000    00.00  000.00    0.0000  00.0000    0.0000   0.0000
     subfault banyakthrust     12    19     120.00000      0.00510      0.00000    00.00  000.00    0.0000  00.0000    0.0000   0.0000
     subfault banyakthrust     13    19      84.36231      0.00498      0.00000    00.00  000.00    0.0000  00.0000    0.0000   0.0000
     subfault banyakthrust     14    19      60.00000      0.00878      0.00000    00.00  000.00    0.0000  00.0000    0.0000   0.0000
     subfault banyakthrust     15    19      60.00000      0.00932      0.00000    00.00  000.00    0.0000  00.0000    0.0000   0.0000
     subfault banyakthrust     16    19      60.00000      0.00427      0.00000    00.00  000.00    0.0000  00.0000    0.0000   0.0000
     subfault banyakthrust     17    19     -10.00000      0.00000      0.00000    00.00  000.00    0.0000  00.0000    0.0000   0.0000
     subfault banyakthrust     18    19     -10.00000      0.00000      0.00000    00.00  000.00    0.0000  00.0000    0.0000   0.0000
     subfault banyakthrust     19    19     -10.00000      0.00000      0.00000    00.00  000.00    0.0000  00.0000    0.0000   0.0000
     subfault banyakthrust     20    19     120.00692      0.00000      0.00000    00.00  000.00    0.0000  00.0000    0.0000   0.0000
     subfault banyakthrust     21    19     -10.00000      0.00000      0.00000    00.00  000.00    0.0000  00.0000    0.0000   0.0000
     subfault banyakthrust     22    19     -10.00000      0.00000      0.00000    00.00  000.00    0.0000  00.0000    0.0000   0.0000
     subfault banyakthrust     23    19     -10.00000      0.00000      0.00000    00.00  000.00    0.0000  00.0000    0.0000   0.0000
     subfault banyakthrust      1    20      59.73430      0.00000      0.00000    00.00  000.00    0.0000  00.0000    0.0000   0.0000
     subfault banyakthrust      2    20     170.01579      0.00000      0.00000    00.00  000.00    0.0000  00.0000    0.0000   0.0000
     subfault banyakthrust      3    20     170.00000      0.00000      0.00000    00.00  000.00    0.0000  00.0000    0.0000   0.0000
     subfault banyakthrust      4    20     120.00000      0.00023      0.00000    00.00  000.00    0.0000  00.0000    0.0000   0.0000
     subfault banyakthrust      5    20     120.00000      0.00123      0.00000    00.00  000.00    0.0000  00.0000    0.0000   0.0000
     subfault banyakthrust      6    20     120.00000      0.00321      0.00000    00.00  000.00    0.0000  00.0000    0.0000   0.0000
     subfault banyakthrust      7    20     120.00000      0.00604      0.00000    00.00  000.00    0.0000  00.0000    0.0000   0.0000
     subfault banyakthrust      8    20     120.00000      0.00936      0.00000    00.00  000.00    0.0000  00.0000    0.0000   0.0000
     subfault banyakthrust      9    20     120.00000      0.01256      0.00000    00.00  000.00    0.0000  00.0000    0.0000   0.0000
     subfault banyakthrust     10    20     120.00000      0.01497      0.00000    00.00  000.00    0.0000  00.0000    0.0000   0.0000
     subfault banyakthrust     11    20     120.00000      0.01603      0.00000    00.00  000.00    0.0000  00.0000    0.0000   0.0000
     subfault banyakthrust     12    20     117.00765      0.01548      0.00000    00.00  000.00    0.0000  00.0000    0.0000   0.0000
     subfault banyakthrust     13    20      89.84890      0.01597      0.00000    00.00  000.00    0.0000  00.0000    0.0000   0.0000
     subfault banyakthrust     14    20      65.16146      0.02146      0.00000    00.00  000.00    0.0000  00.0000    0.0000   0.0000
     subfault banyakthrust     15    20      60.00000      0.02374      0.00000    00.00  000.00    0.0000  00.0000    0.0000   0.0000
     subfault banyakthrust     16    20      60.00000      0.01768      0.00000    00.00  000.00    0.0000  00.0000    0.0000   0.0000
     subfault banyakthrust     17    20      60.00000      0.00809      0.00000    00.00  000.00    0.0000  00.0000    0.0000   0.0000
     subfault banyakthrust     18    20      60.00000      0.00149      0.00000    00.00  000.00    0.0000  00.0000    0.0000   0.0000
     subfault banyakthrust     19    20     -10.00000      0.00000      0.00000    00.00  000.00    0.0000  00.0000    0.0000   0.0000
     subfault banyakthrust     20    20     -10.00000      0.00000      0.00000    00.00  000.00    0.0000  00.0000    0.0000   0.0000
     subfault banyakthrust     21    20     -10.00000      0.00000      0.00000    00.00  000.00    0.0000  00.0000    0.0000   0.0000
     subfault banyakthrust     22    20     -10.00000      0.00000      0.00000    00.00  000.00    0.0000  00.0000    0.0000   0.0000
     subfault banyakthrust     23    20     -10.00000      0.00000      0.00000    00.00  000.00    0.0000  00.0000    0.0000   0.0000
     subfault banyakthrust      1    21      60.00358      0.00000      0.00000    00.00  000.00    0.0000  00.0000    0.0000   0.0000
     subfault banyakthrust      2    21     170.00000      0.00000      0.00000    00.00  000.00    0.0000  00.0000    0.0000   0.0000
     subfault banyakthrust      3    21     120.00000      0.00001      0.00000    00.00  000.00    0.0000  00.0000    0.0000   0.0000
     subfault banyakthrust      4    21     120.00000      0.00064      0.00000    00.00  000.00    0.0000  00.0000    0.0000   0.0000
     subfault banyakthrust      5    21     120.00000      0.00225      0.00000    00.00  000.00    0.0000  00.0000    0.0000   0.0000
     subfault banyakthrust      6    21     120.00000      0.00497      0.00000    00.00  000.00    0.0000  00.0000    0.0000   0.0000
     subfault banyakthrust      7    21     120.00000      0.00864      0.00000    00.00  000.00    0.0000  00.0000    0.0000   0.0000
     subfault banyakthrust      8    21     120.00000      0.01286      0.00000    00.00  000.00    0.0000  00.0000    0.0000   0.0000
     subfault banyakthrust      9    21     120.00000      0.01702      0.00000    00.00  000.00    0.0000  00.0000    0.0000   0.0000
     subfault banyakthrust     10    21     120.00000      0.02040      0.00000    00.00  000.00    0.0000  00.0000    0.0000   0.0000
     subfault banyakthrust     11    21     120.00000      0.02227      0.00000    00.00  000.00    0.0000  00.0000    0.0000   0.0000
     subfault banyakthrust     12    21     113.74287      0.02229      0.00000    00.00  000.00    0.0000  00.0000    0.0000   0.0000
     subfault banyakthrust     13    21      90.06278      0.02343      0.00000    00.00  000.00    0.0000  00.0000    0.0000   0.0000
     subfault banyakthrust     14    21      67.70124      0.02926      0.00000    00.00  000.00    0.0000  00.0000    0.0000   0.0000
     subfault banyakthrust     15    21      60.00000      0.03277      0.00000    00.00  000.00    0.0000  00.0000    0.0000   0.0000
     subfault banyakthrust     16    21      60.00000      0.02797      0.00000    00.00  000.00    0.0000  00.0000    0.0000   0.0000
     subfault banyakthrust     17    21      60.00000      0.01721      0.00000    00.00  000.00    0.0000  00.0000    0.0000   0.0000
     subfault banyakthrust     18    21      60.00000      0.00664      0.00000    00.00  000.00    0.0000  00.0000    0.0000   0.0000
     subfault banyakthrust     19    21      60.00000      0.00086      0.00000    00.00  000.00    0.0000  00.0000    0.0000   0.0000
     subfault banyakthrust     20    21     119.95164      0.00000      0.00000    00.00  000.00    0.0000  00.0000    0.0000   0.0000
     subfault banyakthrust     21    21     -10.00000      0.00000      0.00000    00.00  000.00    0.0000  00.0000    0.0000   0.0000
     subfault banyakthrust     22    21     -10.00000      0.00000      0.00000    00.00  000.00    0.0000  00.0000    0.0000   0.0000
     subfault banyakthrust     23    21      -9.27478      0.00000      0.00000    00.00  000.00    0.0000  00.0000    0.0000   0.0000
     subfault banyakthrust      1    22     170.00000      0.00000      0.00000    00.00  000.00    0.0000  00.0000    0.0000   0.0000
     subfault banyakthrust      2    22     170.00000      0.00000      0.00000    00.00  000.00    0.0000  00.0000    0.0000   0.0000
     subfault banyakthrust      3    22     120.00000      0.00010      0.00000    00.00  000.00    0.0000  00.0000    0.0000   0.0000
     subfault banyakthrust      4    22     120.00000      0.00086      0.00000    00.00  000.00    0.0000  00.0000    0.0000   0.0000
     subfault banyakthrust      5    22     120.00000      0.00253      0.00000    00.00  000.00    0.0000  00.0000    0.0000   0.0000
     subfault banyakthrust      6    22     120.00000      0.00516      0.00000    00.00  000.00    0.0000  00.0000    0.0000   0.0000
     subfault banyakthrust      7    22     120.00000      0.00860      0.00000    00.00  000.00    0.0000  00.0000    0.0000   0.0000
     subfault banyakthrust      8    22     120.00000      0.01251      0.00000    00.00  000.00    0.0000  00.0000    0.0000   0.0000
     subfault banyakthrust      9    22     120.00000      0.01638      0.00000    00.00  000.00    0.0000  00.0000    0.0000   0.0000
     subfault banyakthrust     10    22     120.00000      0.01958      0.00000    00.00  000.00    0.0000  00.0000    0.0000   0.0000
     subfault banyakthrust     11    22     120.00000      0.02144      0.00000    00.00  000.00    0.0000  00.0000    0.0000   0.0000
     subfault banyakthrust     12    22     112.21978      0.02171      0.00000    00.00  000.00    0.0000  00.0000    0.0000   0.0000
     subfault banyakthrust     13    22      90.06529      0.02292      0.00000    00.00  000.00    0.0000  00.0000    0.0000   0.0000
     subfault banyakthrust     14    22      68.85464      0.02787      0.00000    00.00  000.00    0.0000  00.0000    0.0000   0.0000
     subfault banyakthrust     15    22      60.00000      0.03148      0.00000    00.00  000.00    0.0000  00.0000    0.0000   0.0000
     subfault banyakthrust     16    22      60.00000      0.02864      0.00000    00.00  000.00    0.0000  00.0000    0.0000   0.0000
     subfault banyakthrust     17    22      60.00000      0.02007      0.00000    00.00  000.00    0.0000  00.0000    0.0000   0.0000
     subfault banyakthrust     18    22      60.00000      0.01002      0.00000    00.00  000.00    0.0000  00.0000    0.0000   0.0000
     subfault banyakthrust     19    22      60.00000      0.00278      0.00000    00.00  000.00    0.0000  00.0000    0.0000   0.0000
     subfault banyakthrust     20    22     119.99593      0.00000      0.00000    00.00  000.00    0.0000  00.0000    0.0000   0.0000
     subfault banyakthrust     21    22     119.99866      0.00000      0.00000    00.00  000.00    0.0000  00.0000    0.0000   0.0000
     subfault banyakthrust     22    22     -10.00000      0.00000      0.00000    00.00  000.00    0.0000  00.0000    0.0000   0.0000
     subfault banyakthrust     23    22     120.01548      0.00000      0.00000    00.00  000.00    0.0000  00.0000    0.0000   0.0000
     subfault banyakthrust      1    23      59.97391      0.00000      0.00000    00.00  000.00    0.0000  00.0000    0.0000   0.0000
     subfault banyakthrust      2    23     171.39718      0.00000      0.00000    00.00  000.00    0.0000  00.0000    0.0000   0.0000
     subfault banyakthrust      3    23     120.00000      0.00009      0.00000    00.00  000.00    0.0000  00.0000    0.0000   0.0000
     subfault banyakthrust      4    23     120.00000      0.00061      0.00000    00.00  000.00    0.0000  00.0000    0.0000   0.0000
     subfault banyakthrust      5    23     120.00000      0.00168      0.00000    00.00  000.00    0.0000  00.0000    0.0000   0.0000
     subfault banyakthrust      6    23     120.00000      0.00331      0.00000    00.00  000.00    0.0000  00.0000    0.0000   0.0000
     subfault banyakthrust      7    23     120.00000      0.00541      0.00000    00.00  000.00    0.0000  00.0000    0.0000   0.0000
     subfault banyakthrust      8    23     120.00000      0.00778      0.00000    00.00  000.00    0.0000  00.0000    0.0000   0.0000
     subfault banyakthrust      9    23     120.00000      0.01012      0.00000    00.00  000.00    0.0000  00.0000    0.0000   0.0000
     subfault banyakthrust     10    23     120.00000      0.01207      0.00000    00.00  000.00    0.0000  00.0000    0.0000   0.0000
     subfault banyakthrust     11    23     120.00000      0.01322      0.00000    00.00  000.00    0.0000  00.0000    0.0000   0.0000
     subfault banyakthrust     12    23     111.93936      0.01341      0.00000    00.00  000.00    0.0000  00.0000    0.0000   0.0000
     subfault banyakthrust     13    23      90.31937      0.01415      0.00000    00.00  000.00    0.0000  00.0000    0.0000   0.0000
     subfault banyakthrust     14    23      69.34717      0.01705      0.00000    00.00  000.00    0.0000  00.0000    0.0000   0.0000
     subfault banyakthrust     15    23      60.00000      0.01943      0.00000    00.00  000.00    0.0000  00.0000    0.0000   0.0000
     subfault banyakthrust     16    23      60.00000      0.01830      0.00000    00.00  000.00    0.0000  00.0000    0.0000   0.0000
     subfault banyakthrust     17    23      60.00000      0.01370      0.00000    00.00  000.00    0.0000  00.0000    0.0000   0.0000
     subfault banyakthrust     18    23      60.00000      0.00772      0.00000    00.00  000.00    0.0000  00.0000    0.0000   0.0000
     subfault banyakthrust     19    23      60.00000      0.00281      0.00000    00.00  000.00    0.0000  00.0000    0.0000   0.0000
     subfault banyakthrust     20    23      60.00000      0.00035      0.00000    00.00  000.00    0.0000  00.0000    0.0000   0.0000
     subfault banyakthrust     21    23     119.90901      0.00000      0.00000    00.00  000.00    0.0000  00.0000    0.0000   0.0000
     subfault banyakthrust     22    23     120.01635      0.00000      0.00000    00.00  000.00    0.0000  00.0000    0.0000   0.0000
     subfault banyakthrust     23    23     118.15723      0.00000      0.00000    00.00  000.00    0.0000  00.0000    0.0000   0.0000

#grid name    Erot Nrot lon1  lat1  lon2   lat2   Ne   Nn
grid  sea     0    0    95.0  -6.0  105.0  6.0    200  200    # rotate the E axis CW 20, and the N axis CCW 30; have 50 and 100 data points along E and N direction respectively
