# (1)centerLon (2)centerLat (3)centerDepth [km] (4)length [m] (5)width [m] (6)rake (7)strike (8)dip (9)slip [cm]
  100.034658    -3.345702     7.868547    10000        10000         0.000000   -39.380000     9.800000     0.000000
   99.977820    -3.275586     7.868547    10000        10000         0.000000   -39.380000     9.800000     0.000000
   99.920991    -3.205464     7.868547    10000        10000         0.000000   -39.380000     9.800000     0.000000
   99.864171    -3.135325     7.868547    10000        10000         0.000000   -39.380000     9.800000     0.000000
   99.807356    -3.065183     7.868547    10000        10000         0.000000   -39.380000     9.800000     0.000000
   99.750548    -2.995038     7.868547    10000        10000         0.000000   -39.380000     9.800000     0.000000
   99.693747    -2.924882     7.868547    10000        10000         0.000000   -39.380000     9.800000     0.000000
   99.636953    -2.854714     7.868547    10000        10000       106.020514   -39.380000     9.800000     0.000000
   99.580164    -2.784544     7.868547    10000        10000       106.001456   -39.380000     9.800000     0.000000
   99.523382    -2.714364     7.868547    10000        10000       106.000983   -39.380000     9.800000     0.000000
   99.466605    -2.644182     7.868547    10000        10000       106.000173   -39.380000     9.800000     0.000001
   99.409833    -2.573998     7.868547    10000        10000       105.999734   -39.380000     9.800000     0.000046
   99.353068    -2.503804     7.868547    10000        10000       105.999134   -39.380000     9.800000     0.000025
   99.296308    -2.433609     7.868547    10000        10000        45.000000   -39.380000     9.800000     0.000001
   99.239553    -2.363404     7.868547    10000        10000         0.000000   -39.380000     9.800000     0.000000
   99.182803    -2.293198     7.868547    10000        10000         0.000000   -39.380000     9.800000     0.000000
   99.126057    -2.222992     7.868547    10000        10000         0.000000   -39.380000     9.800000     0.000000
  100.103101    -3.289045     9.570647    10000        10000         0.000000   -39.380000     9.800000     0.000000
  100.046266    -3.218937     9.570647    10000        10000         0.000000   -39.380000     9.800000     0.000000
   99.989438    -3.148823     9.570647    10000        10000         0.000000   -39.380000     9.800000     0.000000
   99.932617    -3.078697     9.570647    10000        10000         0.000000   -39.380000     9.800000     0.000000
   99.875803    -3.008558     9.570647    10000        10000         0.000000   -39.380000     9.800000     0.000000
   99.818997    -2.938417     9.570647    10000        10000         0.000000   -39.380000     9.800000     0.000000
   99.762196    -2.868264     9.570647    10000        10000       135.000000   -39.380000     9.800000     0.000344
   99.705402    -2.798109     9.570647    10000        10000       106.001024   -39.380000     9.800000    15.671865
   99.648614    -2.727942     9.570647    10000        10000       106.000308   -39.380000     9.800000    20.206990
   99.591831    -2.657774     9.570647    10000        10000       106.000151   -39.380000     9.800000    12.213895
   99.535055    -2.587603     9.570647    10000        10000       105.999879   -39.380000     9.800000     6.405263
   99.478284    -2.517422     9.570647    10000        10000       105.999504   -39.380000     9.800000     6.061649
   99.421518    -2.447231     9.570647    10000        10000       105.998663   -39.380000     9.800000     3.973551
   99.364759    -2.377038     9.570647    10000        10000        45.000000   -39.380000     9.800000     0.000037
   99.308003    -2.306845     9.570647    10000        10000         0.000000   -39.380000     9.800000     0.000000
   99.251252    -2.236642     9.570647    10000        10000         0.000000   -39.380000     9.800000     0.000000
   99.194506    -2.166447     9.570647    10000        10000         0.000000   -39.380000     9.800000     0.000000
  100.170897    -3.232906    11.758782    10000        10000         0.000000   -39.380000    11.690000     0.000000
  100.114062    -3.162809    11.758782    10000        10000         0.000000   -39.380000    11.690000     0.000000
  100.057237    -3.092698    11.758782    10000        10000         0.000000   -39.380000    11.690000     0.000000
  100.000417    -3.022585    11.758782    10000        10000         0.000000   -39.380000    11.690000     0.000000
   99.943604    -2.952459    11.758782    10000        10000         0.000000   -39.380000    11.690000     0.000000
   99.886798    -2.882321    11.758782    10000        10000         0.000000   -39.380000    11.690000     0.000000
   99.829998    -2.812180    11.758782    10000        10000       106.001258   -39.380000    11.690000    19.048102
   99.773205    -2.742028    11.758782    10000        10000       106.000229   -39.380000    11.690000    59.247884
   99.716417    -2.671873    11.758782    10000        10000       105.999986   -39.380000    11.690000    58.916130
   99.659636    -2.601708    11.758782    10000        10000       105.999863   -39.380000    11.690000    29.882789
   99.602859    -2.531540    11.758782    10000        10000       105.999708   -39.380000    11.690000    10.896930
   99.546090    -2.461362    11.758782    10000        10000       105.999452   -39.380000    11.690000     9.757825
   99.489324    -2.391182    11.758782    10000        10000       105.998750   -39.380000    11.690000     8.674173
   99.432563    -2.320992    11.758782    10000        10000        45.000000   -39.380000    11.690000     0.034592
   99.375808    -2.250810    11.758782    10000        10000         0.000000   -39.380000    11.690000     0.000000
   99.319057    -2.180609    11.758782    10000        10000         0.000000   -39.380000    11.690000     0.000000
   99.262310    -2.110416    11.758782    10000        10000         0.000000   -39.380000    11.690000     0.000000
  100.238899    -3.176593    13.784982    10000        10000         0.000000   -39.380000    11.690000     0.000000
  100.182067    -3.106500    13.784982    10000        10000       106.002097   -39.380000    11.690000     5.674480
  100.125241    -3.036402    13.784982    10000        10000       106.001047   -39.380000    11.690000     8.966253
  100.068423    -2.966292    13.784982    10000        10000       106.005031   -39.380000    11.690000     6.257368
  100.011612    -2.896169    13.784982    10000        10000       106.021575   -39.380000    11.690000     1.946268
   99.954807    -2.826044    13.784982    10000        10000        45.000000   -39.380000    11.690000     0.000042
   99.898008    -2.755906    13.784982    10000        10000       106.000282   -39.380000    11.690000    59.083657
   99.841216    -2.685766    13.784982    10000        10000       106.000058   -39.380000    11.690000   129.274061
   99.784429    -2.615615    13.784982    10000        10000       105.999848   -39.380000    11.690000   112.293249
   99.727647    -2.545461    13.784982    10000        10000       105.999652   -39.380000    11.690000    51.609897
   99.670873    -2.475296    13.784982    10000        10000       105.999178   -39.380000    11.690000    14.608932
   99.614102    -2.405121    13.784982    10000        10000       105.999460   -39.380000    11.690000    11.557538
   99.557337    -2.334952    13.784982    10000        10000       105.999974   -39.380000    11.690000    14.249549
   99.500577    -2.264765    13.784982    10000        10000       105.996558   -39.380000    11.690000     4.393824
   99.443821    -2.194585    13.784982    10000        10000        45.000000   -39.380000    11.690000     0.000195
   99.387070    -2.124395    13.784982    10000        10000         0.000000   -39.380000    11.690000     0.000000
   99.330325    -2.054205    13.784982    10000        10000         0.000000   -39.380000    11.690000     0.000000
  100.306156    -3.120887    16.286269    10000        10000       106.012886   -39.380000    13.550000     0.000208
  100.249325    -3.050797    16.286269    10000        10000       106.009004   -39.380000    13.550000     5.184304
  100.192502    -2.980703    16.286269    10000        10000       106.005627   -39.380000    13.550000     7.392414
  100.135684    -2.910605    16.286269    10000        10000       106.021911   -39.380000    13.550000     2.247993
  100.078874    -2.840495    16.286269    10000        10000         0.000000   -39.380000    13.550000     0.000000
  100.022071    -2.770373    16.286269    10000        10000        45.000000   -39.380000    13.550000     0.000620
   99.965273    -2.700239    16.286269    10000        10000       105.999755   -39.380000    13.550000   106.974220
   99.908481    -2.630102    16.286269    10000        10000       105.999980   -39.380000    13.550000   193.867584
   99.851696    -2.559962    16.286269    10000        10000       105.999716   -39.380000    13.550000   152.307394
   99.794915    -2.489811    16.286269    10000        10000       105.999345   -39.380000    13.550000    70.297032
   99.738140    -2.419649    16.286269    10000        10000       105.998382   -39.380000    13.550000    27.821270
   99.681371    -2.349485    16.286269    10000        10000       105.998959   -39.380000    13.550000    24.345523
   99.624607    -2.279320    16.286269    10000        10000       106.001940   -39.380000    13.550000    17.615241
   99.567847    -2.209143    16.286269    10000        10000         0.000000   -39.380000    13.550000     0.000000
   99.511093    -2.138966    16.286269    10000        10000        45.000000   -39.380000    13.550000     0.000231
   99.454342    -2.068779    16.286269    10000        10000        45.000000   -39.380000    13.550000     0.000061
   99.397596    -1.998590    16.286269    10000        10000         0.000000   -39.380000    13.550000     0.000000
  100.373652    -3.064965    18.629269    10000        10000       135.000000   -39.380000    13.550000     0.000408
  100.316824    -2.994887    18.629269    10000        10000       135.000000   -39.380000    13.550000     0.001884
  100.260002    -2.924806    18.629269    10000        10000       135.000000   -39.380000    13.550000     0.001587
  100.203186    -2.854712    18.629269    10000        10000         0.000000   -39.380000    13.550000     0.000000
  100.146378    -2.784605    18.629269    10000        10000         0.000000   -39.380000    13.550000     0.000000
  100.089575    -2.714486    18.629269    10000        10000        45.000000   -39.380000    13.550000     0.002982
  100.032778    -2.644364    18.629269    10000        10000       105.999303   -39.380000    13.550000   127.888588
   99.975988    -2.574239    18.629269    10000        10000       105.999861   -39.380000    13.550000   187.453170
   99.919204    -2.504102    18.629269    10000        10000       105.999535   -39.380000    13.550000   125.880707
   99.862424    -2.433954    18.629269    10000        10000       105.998894   -39.380000    13.550000    55.100089
   99.805651    -2.363804    18.629269    10000        10000       105.997975   -39.380000    13.550000    32.222088
   99.748882    -2.293643    18.629269    10000        10000       105.998741   -39.380000    13.550000    39.711655
   99.692118    -2.223479    18.629269    10000        10000       106.000475   -39.380000    13.550000    23.473512
   99.635360    -2.153315    18.629269    10000        10000         0.000000   -39.380000    13.550000     0.000000
   99.578605    -2.083140    18.629269    10000        10000         0.000000   -39.380000    13.550000     0.000000
   99.521854    -2.012963    18.629269    10000        10000         0.000000   -39.380000    13.550000     0.000000
   99.465109    -1.942777    18.629269    10000        10000        45.000000   -39.380000    13.550000     0.000000
  100.440383    -3.009664    21.398172    10000        10000       135.000000   -39.380000    15.230000     0.000354
  100.383556    -2.939599    21.398172    10000        10000       135.000000   -39.380000    15.230000     0.000492
  100.326737    -2.869521    21.398172    10000        10000         0.000000   -39.380000    15.230000     0.000000
  100.269923    -2.799431    21.398172    10000        10000         0.000000   -39.380000    15.230000     0.000000
  100.213115    -2.729336    21.398172    10000        10000         0.000000   -39.380000    15.230000     0.000000
  100.156315    -2.659229    21.398172    10000        10000        45.000000   -39.380000    15.230000     0.001924
  100.099520    -2.589120    21.398172    10000        10000       105.998710   -39.380000    15.230000    63.454326
  100.042731    -2.518989    21.398172    10000        10000       105.999554   -39.380000    15.230000    81.952102
   99.985948    -2.448864    21.398172    10000        10000       105.998899   -39.380000    15.230000    39.343406
   99.929170    -2.378718    21.398172    10000        10000       105.994121   -39.380000    15.230000     7.194247
   99.872397    -2.308580    21.398172    10000        10000       105.992379   -39.380000    15.230000     5.310658
   99.815629    -2.238421    21.398172    10000        10000       105.998021   -39.380000    15.230000    19.449474
   99.758867    -2.168269    21.398172    10000        10000       105.998532   -39.380000    15.230000    15.047333
   99.702108    -2.098098    21.398172    10000        10000        45.000000   -39.380000    15.230000     0.000276
   99.645355    -2.027934    21.398172    10000        10000         0.000000   -39.380000    15.230000     0.000000
   99.588605    -1.957760    21.398172    10000        10000         0.000000   -39.380000    15.230000     0.000000
   99.531860    -1.887576    21.398172    10000        10000         0.000000   -39.380000    15.230000     0.000000
  100.507360    -2.954161    24.025172    10000        10000       135.000000   -39.380000    15.230000     0.000064
  100.450536    -2.884099    24.025172    10000        10000         0.000000   -39.380000    15.230000     0.000000
  100.393718    -2.814025    24.025172    10000        10000         0.000000   -39.380000    15.230000     0.000000
  100.336906    -2.743946    24.025172    10000        10000         0.000000   -39.380000    15.230000     0.000000
  100.280101    -2.673855    24.025172    10000        10000         0.000000   -39.380000    15.230000     0.000000
  100.223302    -2.603761    24.025172    10000        10000        45.000000   -39.380000    15.230000     0.000389
  100.166508    -2.533654    24.025172    10000        10000       105.988850   -39.380000    15.230000     3.832607
  100.109722    -2.463535    24.025172    10000        10000       105.995340   -39.380000    15.230000     5.350977
  100.052939    -2.393404    24.025172    10000        10000        45.000000   -39.380000    15.230000     0.000264
   99.996163    -2.323279    24.025172    10000        10000        45.000000   -39.380000    15.230000     0.000155
   99.939392    -2.253134    24.025172    10000        10000        45.000000   -39.380000    15.230000     0.000322
   99.882625    -2.182987    24.025172    10000        10000       105.994683   -39.380000    15.230000     4.249046
   99.825864    -2.112838    24.025172    10000        10000       105.997813   -39.380000    15.230000     9.262161
   99.769107    -2.042678    24.025172    10000        10000       105.998501   -39.380000    15.230000     9.345886
   99.712354    -1.972516    24.025172    10000        10000       105.999638   -39.380000    15.230000     7.037158
   99.655605    -1.902344    24.025172    10000        10000       106.002530   -39.380000    15.230000     0.423324
   99.598861    -1.832171    24.025172    10000        10000         0.000000   -39.380000    15.230000     0.000000
  100.573459    -2.899365    27.087220    10000        10000         0.000000   -39.380000    16.960000     0.000000
  100.516637    -2.829316    27.087220    10000        10000         0.000000   -39.380000    16.960000     0.000000
  100.459822    -2.759254    27.087220    10000        10000         0.000000   -39.380000    16.960000     0.000000
  100.403012    -2.689179    27.087220    10000        10000         0.000000   -39.380000    16.960000     0.000000
  100.346209    -2.619100    27.087220    10000        10000         0.000000   -39.380000    16.960000     0.000000
  100.289413    -2.549009    27.087220    10000        10000        45.000000   -39.380000    16.960000     0.000009
  100.232621    -2.478905    27.087220    10000        10000        45.000000   -39.380000    16.960000     0.000100
  100.175835    -2.408789    27.087220    10000        10000        45.000000   -39.380000    16.960000     0.000016
  100.119055    -2.338669    27.087220    10000        10000        45.000000   -39.380000    16.960000     0.000000
  100.062280    -2.268548    27.087220    10000        10000        45.000000   -39.380000    16.960000     0.000099
  100.005510    -2.198414    27.087220    10000        10000        45.000000   -39.380000    16.960000     0.000136
   99.948746    -2.128269    27.087220    10000        10000        45.000000   -39.380000    16.960000     0.000233
   99.891984    -2.058123    27.087220    10000        10000       105.996974   -39.380000    16.960000     3.930741
   99.835228    -1.987974    27.087220    10000        10000       105.998956   -39.380000    16.960000     7.859508
   99.778477    -1.917814    27.087220    10000        10000       105.999539   -39.380000    16.960000     5.952105
   99.721729    -1.847644    27.087220    10000        10000       105.995794   -39.380000    16.960000     0.139983
   99.664985    -1.777473    27.087220    10000        10000         0.000000   -39.380000    16.960000     0.000000
  100.639844    -2.844335    30.004220    10000        10000         0.000000   -39.380000    16.960000     0.000000
  100.583024    -2.774290    30.004220    10000        10000         0.000000   -39.380000    16.960000     0.000000
  100.526210    -2.704231    30.004220    10000        10000         0.000000   -39.380000    16.960000     0.000000
  100.469404    -2.634169    30.004220    10000        10000         0.000000   -39.380000    16.960000     0.000000
  100.412603    -2.564093    30.004220    10000        10000         0.000000   -39.380000    16.960000     0.000000
  100.355808    -2.494004    30.004220    10000        10000         0.000000   -39.380000    16.960000     0.000000
  100.299019    -2.423913    30.004220    10000        10000        45.000000   -39.380000    16.960000     0.000000
  100.242235    -2.353808    30.004220    10000        10000        45.000000   -39.380000    16.960000     0.000003
  100.185456    -2.283692    30.004220    10000        10000        45.000000   -39.380000    16.960000     0.000018
  100.128684    -2.213573    30.004220    10000        10000        45.000000   -39.380000    16.960000     0.000045
  100.071915    -2.143442    30.004220    10000        10000        45.000000   -39.380000    16.960000     0.000076
  100.015151    -2.073309    30.004220    10000        10000        45.000000   -39.380000    16.960000     0.000085
   99.958392    -2.003164    30.004220    10000        10000        45.000000   -39.380000    16.960000     0.113692
   99.901637    -1.933018    30.004220    10000        10000       105.996994   -39.380000    16.960000     2.204856
   99.844887    -1.862860    30.004220    10000        10000       105.997999   -39.380000    16.960000     1.718858
   99.788141    -1.792701    30.004220    10000        10000         0.000000   -39.380000    16.960000     0.000000
   99.731397    -1.722541    30.004220    10000        10000         0.000000   -39.380000    16.960000     0.000000
  100.704885    -2.790405    33.508419    10000        10000         0.000000   -39.380000    19.320000     0.000000
  100.648069    -2.720363    33.508419    10000        10000         0.000000   -39.380000    19.320000     0.000000
  100.591258    -2.650316    33.508419    10000        10000         0.000000   -39.380000    19.320000     0.000000
  100.534453    -2.580257    33.508419    10000        10000         0.000000   -39.380000    19.320000     0.000000
  100.477655    -2.510193    33.508419    10000        10000         0.000000   -39.380000    19.320000     0.000000
  100.420862    -2.440108    33.508419    10000        10000         0.000000   -39.380000    19.320000     0.000000
  100.364075    -2.370019    33.508419    10000        10000         0.000000   -39.380000    19.320000     0.000000
  100.307294    -2.299926    33.508419    10000        10000         0.000000   -39.380000    19.320000     0.000000
  100.250517    -2.229813    33.508419    10000        10000         0.000000   -39.380000    19.320000     0.000000
  100.193746    -2.159705    33.508419    10000        10000        45.000000   -39.380000    19.320000     0.000009
  100.136980    -2.089577    33.508419    10000        10000        45.000000   -39.380000    19.320000     0.000021
  100.080218    -2.019446    33.508419    10000        10000        45.000000   -39.380000    19.320000     0.000031
  100.023460    -1.949312    33.508419    10000        10000        45.000000   -39.380000    19.320000     0.000028
   99.966707    -1.879168    33.508419    10000        10000        45.000000   -39.380000    19.320000     0.000025
   99.909958    -1.809013    33.508419    10000        10000        45.000000   -39.380000    19.320000     0.000011
   99.853213    -1.738865    33.508419    10000        10000         0.000000   -39.380000    19.320000     0.000000
   99.796472    -1.668697    33.508419    10000        10000         0.000000   -39.380000    19.320000     0.000000
