# The file contains the following columns for each subfault patch:
# lon lat depth length width rake strike dip slip
# The lon and lat are the middle of the patch.
# The patch length (along strike) and width (along dip) are in km
# The slip is in meters.
# These are for Figure 6c in Hill et al JGR 2015
94.063538 1.909505 7.500000 31918.262 15962.667 170.000000 291.681022 70.000000 8.860852
93.797060 2.016393 7.500000 31918.262 15962.667 170.000000 291.681022 70.000000 8.717691
93.530552 2.123268 7.500000 31918.262 15962.667 170.000000 291.681022 70.000000 48.875988
93.264013 2.230122 7.500000 31918.262 15962.667 170.000000 291.681022 70.000000 43.248020
92.997440 2.336948 7.500000 31918.262 15962.667 170.000000 291.681022 70.000000 38.264669
92.730830 2.443740 7.500000 31918.262 15962.667 170.000000 291.681022 70.000000 5.908470
94.081722 1.955338 22.500000 31918.262 15962.667 170.000000 291.681022 70.000000 0.811223
93.815240 2.062235 22.500000 31918.262 15962.667 170.000000 291.681022 70.000000 2.163412
93.548728 2.169118 22.500000 31918.262 15962.667 170.000000 291.681022 70.000000 6.897006
93.282184 2.275979 22.500000 31918.262 15962.667 170.000000 291.681022 70.000000 5.000876
93.015605 2.382812 22.500000 31918.262 15962.667 170.000000 291.681022 70.000000 13.903155
92.748989 2.489610 22.500000 31918.262 15962.667 170.000000 291.681022 70.000000 2.960794
94.099907 2.001169 37.500000 31918.262 15962.667 170.000000 291.681022 70.000000 0.180820
93.833421 2.108075 37.500000 31918.262 15962.667 170.000000 291.681022 70.000000 1.282855
93.566906 2.214966 37.500000 31918.262 15962.667 170.000000 291.681022 70.000000 1.090439
93.300357 2.321835 37.500000 31918.262 15962.667 170.000000 291.681022 70.000000 1.232706
93.033772 2.428676 37.500000 31918.262 15962.667 170.000000 291.681022 70.000000 7.976866
92.767149 2.535480 37.500000 31918.262 15962.667 170.000000 291.681022 70.000000 3.900198
94.118095 2.047000 52.500000 31918.262 15962.667 170.000000 291.681022 70.000000 0.385373
93.851606 2.153915 52.500000 31918.262 15962.667 170.000000 291.681022 70.000000 0.000000
93.585085 2.260814 52.500000 31918.262 15962.667 170.000000 291.681022 70.000000 0.820763
93.318532 2.367691 52.500000 31918.262 15962.667 170.000000 291.681022 70.000000 1.704829
93.051941 2.474538 52.500000 31918.262 15962.667 170.000000 291.681022 70.000000 1.589968
92.785312 2.581348 52.500000 31918.262 15962.667 170.000000 291.681022 70.000000 1.954709
91.927603 2.799759 7.500000 30405.074 15000.000 170.000000 111.448558 90.000000 3.768973
92.182112 2.699208 7.500000 30405.074 15000.000 170.000000 111.448558 90.000000 23.472809
92.436580 2.598606 7.500000 30405.074 15000.000 170.000000 111.448558 90.000000 41.886915
91.927603 2.799759 22.500000 30405.074 15000.000 170.000000 111.448558 90.000000 4.615109
92.182112 2.699208 22.500000 30405.074 15000.000 170.000000 111.448558 90.000000 8.240546
92.436580 2.598606 22.500000 30405.074 15000.000 170.000000 111.448558 90.000000 9.725340
91.927603 2.799759 37.500000 30405.074 15000.000 170.000000 111.448558 90.000000 6.448321
92.182112 2.699208 37.500000 30405.074 15000.000 170.000000 111.448558 90.000000 6.983972
92.436580 2.598606 37.500000 30405.074 15000.000 170.000000 111.448558 90.000000 5.589521
91.927603 2.799759 52.500000 30405.074 15000.000 170.000000 111.448558 90.000000 3.521518
92.182112 2.699208 52.500000 30405.074 15000.000 170.000000 111.448558 90.000000 4.766882
92.436580 2.598606 52.500000 30405.074 15000.000 170.000000 111.448558 90.000000 2.708102
92.332738 1.462688 7.500000 31425.324 15962.667 0.000000 11.763034 110.000000 3.649054
92.390353 1.740918 7.500000 31425.324 15962.667 0.000000 11.763034 110.000000 3.075298
92.447992 2.019143 7.500000 31425.324 15962.667 0.000000 11.763034 110.000000 7.703734
92.505660 2.297360 7.500000 31425.324 15962.667 0.000000 11.763034 110.000000 9.851395
92.284710 1.472759 22.500000 31425.324 15962.667 0.000000 11.763034 110.000000 1.498832
92.342318 1.750992 22.500000 31425.324 15962.667 0.000000 11.763034 110.000000 1.577120
92.399951 2.029219 22.500000 31425.324 15962.667 0.000000 11.763034 110.000000 6.615063
92.457611 2.307440 22.500000 31425.324 15962.667 0.000000 11.763034 110.000000 3.414738
92.236681 1.482830 37.500000 31425.324 15962.667 0.000000 11.763034 110.000000 0.641392
92.294283 1.761065 37.500000 31425.324 15962.667 0.000000 11.763034 110.000000 1.324848
92.351908 2.039295 37.500000 31425.324 15962.667 0.000000 11.763034 110.000000 5.284512
92.409560 2.317519 37.500000 31425.324 15962.667 0.000000 11.763034 110.000000 3.219087
92.188651 1.492899 52.500000 31425.324 15962.667 0.000000 11.763034 110.000000 0.000000
92.246248 1.771136 52.500000 31425.324 15962.667 0.000000 11.763034 110.000000 0.284202
92.303866 2.049369 52.500000 31425.324 15962.667 0.000000 11.763034 110.000000 1.045316
92.361509 2.327596 52.500000 31425.324 15962.667 0.000000 11.763034 110.000000 0.589855
92.562556 2.563918 7.500000 28861.265 15962.667 0.000000 11.818105 110.000000 7.470827
92.615824 2.819369 7.500000 28861.265 15962.667 0.000000 11.818105 110.000000 1.491130
92.669127 3.074812 7.500000 28861.265 15962.667 0.000000 11.818105 110.000000 12.666309
92.722467 3.330246 7.500000 28861.265 15962.667 0.000000 11.818105 110.000000 3.875508
92.514507 2.574048 22.500000 28861.265 15962.667 0.000000 11.818105 110.000000 1.052385
92.567767 2.829503 22.500000 28861.265 15962.667 0.000000 11.818105 110.000000 0.507876
92.621059 3.084950 22.500000 28861.265 15962.667 0.000000 11.818105 110.000000 6.856429
92.674389 3.340389 22.500000 28861.265 15962.667 0.000000 11.818105 110.000000 3.342746
92.466458 2.584177 37.500000 28861.265 15962.667 0.000000 11.818105 110.000000 0.326044
92.519708 2.839636 37.500000 28861.265 15962.667 0.000000 11.818105 110.000000 0.302386
92.572991 3.095087 37.500000 28861.265 15962.667 0.000000 11.818105 110.000000 4.447132
92.626309 3.350530 37.500000 28861.265 15962.667 0.000000 11.818105 110.000000 3.747651
92.418408 2.594304 52.500000 28861.265 15962.667 0.000000 11.818105 110.000000 0.000000
92.471649 2.849766 52.500000 28861.265 15962.667 0.000000 11.818105 110.000000 0.224286
92.524921 3.105221 52.500000 28861.265 15962.667 0.000000 11.818105 110.000000 0.844272
92.578228 3.360669 52.500000 28861.265 15962.667 0.000000 11.818105 110.000000 2.587454
91.043312 1.554313 7.500000 33346.653 15000.000 180.000000 108.440890 90.000000 2.818652
91.327624 1.459038 7.500000 33346.653 15000.000 180.000000 108.440890 90.000000 15.532064
91.611909 1.363715 7.500000 33346.653 15000.000 180.000000 108.440890 90.000000 21.256548
91.896171 1.268351 7.500000 33346.653 15000.000 180.000000 108.440890 90.000000 9.563548
92.180412 1.172952 7.500000 33346.653 15000.000 180.000000 108.440890 90.000000 0.000000
92.464634 1.077527 7.500000 33346.653 15000.000 180.000000 108.440890 90.000000 0.090769
91.043312 1.554313 22.500000 33346.653 15000.000 180.000000 108.440890 90.000000 0.919751
91.327624 1.459038 22.500000 33346.653 15000.000 180.000000 108.440890 90.000000 4.670508
91.611909 1.363715 22.500000 33346.653 15000.000 180.000000 108.440890 90.000000 7.513954
91.896171 1.268351 22.500000 33346.653 15000.000 180.000000 108.440890 90.000000 2.088931
92.180412 1.172952 22.500000 33346.653 15000.000 180.000000 108.440890 90.000000 0.000000
92.464634 1.077527 22.500000 33346.653 15000.000 180.000000 108.440890 90.000000 0.000000
91.043312 1.554313 37.500000 33346.653 15000.000 180.000000 108.440890 90.000000 0.691081
91.327624 1.459038 37.500000 33346.653 15000.000 180.000000 108.440890 90.000000 2.502361
91.611909 1.363715 37.500000 33346.653 15000.000 180.000000 108.440890 90.000000 4.863432
91.896171 1.268351 37.500000 33346.653 15000.000 180.000000 108.440890 90.000000 0.518606
92.180412 1.172952 37.500000 33346.653 15000.000 180.000000 108.440890 90.000000 0.000000
92.464634 1.077527 37.500000 33346.653 15000.000 180.000000 108.440890 90.000000 0.000000
91.043312 1.554313 52.500000 33346.653 15000.000 180.000000 108.440890 90.000000 0.019749
91.327624 1.459038 52.500000 33346.653 15000.000 180.000000 108.440890 90.000000 0.184978
91.611909 1.363715 52.500000 33346.653 15000.000 180.000000 108.440890 90.000000 0.923710
91.896171 1.268351 52.500000 33346.653 15000.000 180.000000 108.440890 90.000000 0.007217
92.180412 1.172952 52.500000 33346.653 15000.000 180.000000 108.440890 90.000000 0.000000
92.464634 1.077527 52.500000 33346.653 15000.000 180.000000 108.440890 90.000000 0.000000
89.725477 1.683135 7.500000 33531.048 15000.000 0.000000 10.712158 90.000000 5.008530
89.781114 1.980936 7.500000 33531.048 15000.000 0.000000 10.712158 90.000000 8.124220
89.836709 2.278757 7.500000 33531.048 15000.000 0.000000 10.712158 90.000000 15.389719
89.892268 2.576597 7.500000 33531.048 15000.000 0.000000 10.712158 90.000000 28.741491
89.947794 2.874456 7.500000 33531.048 15000.000 0.000000 10.712158 90.000000 3.434271
90.003293 3.172331 7.500000 33531.048 15000.000 0.000000 10.712158 90.000000 2.775487
90.058768 3.470223 7.500000 33531.048 15000.000 0.000000 10.712158 90.000000 0.066294
89.725477 1.683135 22.500000 33531.048 15000.000 0.000000 10.712158 90.000000 1.940957
89.781114 1.980936 22.500000 33531.048 15000.000 0.000000 10.712158 90.000000 1.740455
89.836709 2.278757 22.500000 33531.048 15000.000 0.000000 10.712158 90.000000 4.708148
89.892268 2.576597 22.500000 33531.048 15000.000 0.000000 10.712158 90.000000 9.220113
89.947794 2.874456 22.500000 33531.048 15000.000 0.000000 10.712158 90.000000 0.372636
90.003293 3.172331 22.500000 33531.048 15000.000 0.000000 10.712158 90.000000 1.123992
90.058768 3.470223 22.500000 33531.048 15000.000 0.000000 10.712158 90.000000 0.290923
89.725477 1.683135 37.500000 33531.048 15000.000 0.000000 10.712158 90.000000 1.680340
89.781114 1.980936 37.500000 33531.048 15000.000 0.000000 10.712158 90.000000 0.467508
89.836709 2.278757 37.500000 33531.048 15000.000 0.000000 10.712158 90.000000 2.687499
89.892268 2.576597 37.500000 33531.048 15000.000 0.000000 10.712158 90.000000 5.295627
89.947794 2.874456 37.500000 33531.048 15000.000 0.000000 10.712158 90.000000 0.562863
90.003293 3.172331 37.500000 33531.048 15000.000 0.000000 10.712158 90.000000 0.789322
90.058768 3.470223 37.500000 33531.048 15000.000 0.000000 10.712158 90.000000 0.369874
89.725477 1.683135 52.500000 33531.048 15000.000 0.000000 10.712158 90.000000 0.856600
89.781114 1.980936 52.500000 33531.048 15000.000 0.000000 10.712158 90.000000 0.000000
89.836709 2.278757 52.500000 33531.048 15000.000 0.000000 10.712158 90.000000 0.527566
89.892268 2.576597 52.500000 33531.048 15000.000 0.000000 10.712158 90.000000 0.564100
89.947794 2.874456 52.500000 33531.048 15000.000 0.000000 10.712158 90.000000 0.528595
90.003293 3.172331 52.500000 33531.048 15000.000 0.000000 10.712158 90.000000 0.168613
90.058768 3.470223 52.500000 33531.048 15000.000 0.000000 10.712158 90.000000 0.078572
