#patchMidLon patchMidLat patchMidDepth patchLength patchWidth rake strike dip slip(cm)
99.983234 -4.156308 0.750000 10886.508 12308.264 98.000000 322.406483 7.000000 0.000000
99.923349 -4.078359 0.750000 10886.508 12308.264 98.000000 322.406483 7.000000 0.000000
99.863477 -4.000403 0.750000 10886.508 12308.264 98.000000 322.406483 7.000000 0.000000
99.803617 -3.922441 0.750000 10886.508 12308.264 98.000000 322.406483 7.000000 0.000000
99.743769 -3.844473 0.750000 10886.508 12308.264 98.000000 322.406483 7.000000 5.121039
99.683934 -3.766499 0.750000 10886.508 12308.264 98.000000 322.406483 7.000000 6.541817
99.624109 -3.688520 0.750000 10886.508 12308.264 98.000000 322.406483 7.000000 6.343939
99.564296 -3.610535 0.750000 10886.508 12308.264 98.000000 322.406483 7.000000 5.869714
99.504494 -3.532545 0.750000 10886.508 12308.264 98.000000 322.406483 7.000000 5.630773
99.444702 -3.454550 0.750000 10886.508 12308.264 98.000000 322.406483 7.000000 5.732394
99.384920 -3.376551 0.750000 10886.508 12308.264 98.000000 322.406483 7.000000 6.013489
99.325149 -3.298547 0.750000 10886.508 12308.264 98.000000 322.406483 7.000000 5.936651
99.265386 -3.220540 0.750000 10886.508 12308.264 98.000000 322.406483 7.000000 4.104821
99.205633 -3.142529 0.750000 10886.508 12308.264 98.000000 322.406483 7.000000 0.000000
99.145889 -3.064514 0.750000 10886.508 12308.264 98.000000 322.406483 7.000000 0.000000
99.086153 -2.986496 0.750000 10886.508 12308.264 98.000000 322.406483 7.000000 0.000000
99.026426 -2.908475 0.750000 10886.508 12308.264 98.000000 322.406483 7.000000 0.000000
98.966706 -2.830451 0.750000 10886.508 12308.264 98.000000 322.406483 7.000000 0.000000
98.906994 -2.752425 0.750000 10886.508 12308.264 98.000000 322.406483 7.000000 0.000000
98.847289 -2.674396 0.750000 10886.508 12308.264 98.000000 322.406483 7.000000 0.000000
98.787591 -2.596366 0.750000 10886.508 12308.264 98.000000 322.406483 7.000000 0.000000
98.727899 -2.518334 0.750000 10886.508 12308.264 98.000000 322.406483 7.000000 0.000000
98.668214 -2.440300 0.750000 10886.508 12308.264 98.000000 322.406483 7.000000 0.000000
98.608534 -2.362265 0.750000 10886.508 12308.264 98.000000 322.406483 7.000000 0.000000
98.548860 -2.284230 0.750000 10886.508 12308.264 98.000000 322.406483 7.000000 0.000000
100.040343 -4.112070 1.733333 10886.508 3829.238 98.000000 322.406483 7.000000 0.000000
99.980456 -4.034126 1.733333 10886.508 3829.238 98.000000 322.406483 7.000000 47.281293
99.920582 -3.956175 1.733333 10886.508 3829.238 98.000000 322.406483 7.000000 117.250921
99.860721 -3.878217 1.733333 10886.508 3829.238 98.000000 322.406483 7.000000 220.373138
99.800872 -3.800253 1.733333 10886.508 3829.238 98.000000 322.406483 7.000000 347.605992
99.741034 -3.722284 1.733333 10886.508 3829.238 98.000000 322.406483 7.000000 436.317282
99.681209 -3.644308 1.733333 10886.508 3829.238 98.000000 322.406483 7.000000 485.905607
99.621394 -3.566327 1.733333 10886.508 3829.238 98.000000 322.406483 7.000000 508.769905
99.561590 -3.488341 1.733333 10886.508 3829.238 98.000000 322.406483 7.000000 514.989330
99.501797 -3.410350 1.733333 10886.508 3829.238 98.000000 322.406483 7.000000 507.824881
99.442013 -3.332355 1.733333 10886.508 3829.238 98.000000 322.406483 7.000000 482.926039
99.382240 -3.254355 1.733333 10886.508 3829.238 98.000000 322.406483 7.000000 429.501946
99.322476 -3.176351 1.733333 10886.508 3829.238 98.000000 322.406483 7.000000 335.231835
99.262721 -3.098342 1.733333 10886.508 3829.238 98.000000 322.406483 7.000000 202.362919
99.202975 -3.020331 1.733333 10886.508 3829.238 98.000000 322.406483 7.000000 97.032964
99.143238 -2.942316 1.733333 10886.508 3829.238 98.000000 322.406483 7.000000 32.658263
99.083508 -2.864298 1.733333 10886.508 3829.238 98.000000 322.406483 7.000000 4.589060
99.023787 -2.786277 1.733333 10886.508 3829.238 98.000000 322.406483 7.000000 0.000000
98.964073 -2.708253 1.733333 10886.508 3829.238 98.000000 322.406483 7.000000 0.000000
98.904366 -2.630227 1.733333 10886.508 3829.238 98.000000 322.406483 7.000000 0.000000
98.844666 -2.552199 1.733333 10886.508 3829.238 98.000000 322.406483 7.000000 0.000000
98.784973 -2.474169 1.733333 10886.508 3829.238 98.000000 322.406483 7.000000 0.000000
98.725285 -2.396138 1.733333 10886.508 3829.238 98.000000 322.406483 7.000000 0.000000
98.665604 -2.318105 1.733333 10886.508 3829.238 98.000000 322.406483 7.000000 0.000000
98.605928 -2.240072 1.733333 10886.508 3829.238 98.000000 322.406483 7.000000 0.000000
100.067443 -4.091075 2.200000 10886.508 3829.238 98.000000 322.406483 7.000000 0.000000
100.007555 -4.013133 2.200000 10886.508 3829.238 98.000000 322.406483 7.000000 77.110075
99.947681 -3.935184 2.200000 10886.508 3829.238 98.000000 322.406483 7.000000 192.750916
99.887819 -3.857229 2.200000 10886.508 3829.238 98.000000 322.406483 7.000000 362.085081
99.827969 -3.779267 2.200000 10886.508 3829.238 98.000000 322.406483 7.000000 562.986889
99.768131 -3.701299 2.200000 10886.508 3829.238 98.000000 322.406483 7.000000 708.858615
99.708305 -3.623326 2.200000 10886.508 3829.238 98.000000 322.406483 7.000000 793.035648
99.648489 -3.545347 2.200000 10886.508 3829.238 98.000000 322.406483 7.000000 832.783751
99.588685 -3.467362 2.200000 10886.508 3829.238 98.000000 322.406483 7.000000 843.971251
99.528890 -3.389373 2.200000 10886.508 3829.238 98.000000 322.406483 7.000000 831.805111
99.469106 -3.311379 2.200000 10886.508 3829.238 98.000000 322.406483 7.000000 788.940172
99.409332 -3.233381 2.200000 10886.508 3829.238 98.000000 322.406483 7.000000 698.163902
99.349568 -3.155378 2.200000 10886.508 3829.238 98.000000 322.406483 7.000000 542.402562
99.289812 -3.077372 2.200000 10886.508 3829.238 98.000000 322.406483 7.000000 331.027454
99.230065 -2.999361 2.200000 10886.508 3829.238 98.000000 322.406483 7.000000 157.725378
99.170327 -2.921348 2.200000 10886.508 3829.238 98.000000 322.406483 7.000000 51.769419
99.110597 -2.843331 2.200000 10886.508 3829.238 98.000000 322.406483 7.000000 7.108906
99.050875 -2.765311 2.200000 10886.508 3829.238 98.000000 322.406483 7.000000 0.000000
98.991160 -2.687289 2.200000 10886.508 3829.238 98.000000 322.406483 7.000000 0.000000
98.931452 -2.609264 2.200000 10886.508 3829.238 98.000000 322.406483 7.000000 0.000000
98.871751 -2.531238 2.200000 10886.508 3829.238 98.000000 322.406483 7.000000 0.000000
98.812057 -2.453209 2.200000 10886.508 3829.238 98.000000 322.406483 7.000000 0.000000
98.752369 -2.375179 2.200000 10886.508 3829.238 98.000000 322.406483 7.000000 0.000000
98.692687 -2.297147 2.200000 10886.508 3829.238 98.000000 322.406483 7.000000 0.000000
98.633010 -2.219114 2.200000 10886.508 3829.238 98.000000 322.406483 7.000000 0.000000
100.094542 -4.070080 2.666667 10886.508 3829.238 98.000000 322.406483 7.000000 0.000000
100.034654 -3.992140 2.666667 10886.508 3829.238 98.000000 322.406483 7.000000 78.013653
99.974779 -3.914193 2.666667 10886.508 3829.238 98.000000 322.406483 7.000000 205.634887
99.914916 -3.836239 2.666667 10886.508 3829.238 98.000000 322.406483 7.000000 400.625573
99.855065 -3.758280 2.666667 10886.508 3829.238 98.000000 322.406483 7.000000 633.168069
99.795227 -3.680314 2.666667 10886.508 3829.238 98.000000 322.406483 7.000000 805.704220
99.735399 -3.602342 2.666667 10886.508 3829.238 98.000000 322.406483 7.000000 906.891124
99.675583 -3.524365 2.666667 10886.508 3829.238 98.000000 322.406483 7.000000 955.418869
99.615778 -3.446383 2.666667 10886.508 3829.238 98.000000 322.406483 7.000000 969.737199
99.555983 -3.368395 2.666667 10886.508 3829.238 98.000000 322.406483 7.000000 955.734399
99.496198 -3.290403 2.666667 10886.508 3829.238 98.000000 322.406483 7.000000 904.185649
99.436424 -3.212406 2.666667 10886.508 3829.238 98.000000 322.406483 7.000000 794.750442
99.376658 -3.134405 2.666667 10886.508 3829.238 98.000000 322.406483 7.000000 609.343746
99.316902 -3.056400 2.666667 10886.508 3829.238 98.000000 322.406483 7.000000 363.277201
99.257154 -2.978392 2.666667 10886.508 3829.238 98.000000 322.406483 7.000000 163.192847
99.197415 -2.900379 2.666667 10886.508 3829.238 98.000000 322.406483 7.000000 46.611732
99.137684 -2.822364 2.666667 10886.508 3829.238 98.000000 322.406483 7.000000 3.870593
99.077961 -2.744346 2.666667 10886.508 3829.238 98.000000 322.406483 7.000000 0.000000
99.018246 -2.666325 2.666667 10886.508 3829.238 98.000000 322.406483 7.000000 0.000000
98.958537 -2.588301 2.666667 10886.508 3829.238 98.000000 322.406483 7.000000 0.000000
98.898836 -2.510275 2.666667 10886.508 3829.238 98.000000 322.406483 7.000000 0.000000
98.839140 -2.432248 2.666667 10886.508 3829.238 98.000000 322.406483 7.000000 0.000000
98.779451 -2.354219 2.666667 10886.508 3829.238 98.000000 322.406483 7.000000 0.000000
98.719768 -2.276188 2.666667 10886.508 3829.238 98.000000 322.406483 7.000000 0.000000
98.660091 -2.198156 2.666667 10886.508 3829.238 98.000000 322.406483 7.000000 0.000000
100.132913 -4.040347 3.327500 10886.508 7015.710 98.000000 322.406483 7.000000 0.000000
100.073024 -3.962410 3.327500 10886.508 7015.710 98.000000 322.406483 7.000000 53.516987
100.013148 -3.884467 3.327500 10886.508 7015.710 98.000000 322.406483 7.000000 163.905112
99.953285 -3.806516 3.327500 10886.508 7015.710 98.000000 322.406483 7.000000 352.427013
99.893434 -3.728559 3.327500 10886.508 7015.710 98.000000 322.406483 7.000000 587.785258
99.833594 -3.650596 3.327500 10886.508 7015.710 98.000000 322.406483 7.000000 764.510750
99.773766 -3.572627 3.327500 10886.508 7015.710 98.000000 322.406483 7.000000 868.632558
99.713949 -3.494653 3.327500 10886.508 7015.710 98.000000 322.406483 7.000000 919.218115
99.654142 -3.416673 3.327500 10886.508 7015.710 98.000000 322.406483 7.000000 935.416121
99.594347 -3.338688 3.327500 10886.508 7015.710 98.000000 322.406483 7.000000 922.765394
99.534561 -3.260698 3.327500 10886.508 7015.710 98.000000 322.406483 7.000000 870.780226
99.474785 -3.182704 3.327500 10886.508 7015.710 98.000000 322.406483 7.000000 757.944186
99.415018 -3.104705 3.327500 10886.508 7015.710 98.000000 322.406483 7.000000 566.694253
99.355261 -3.026702 3.327500 10886.508 7015.710 98.000000 322.406483 7.000000 316.627645
99.295513 -2.948695 3.327500 10886.508 7015.710 98.000000 322.406483 7.000000 123.279403
99.235772 -2.870685 3.327500 10886.508 7015.710 98.000000 322.406483 7.000000 24.086585
99.176041 -2.792672 3.327500 10886.508 7015.710 98.000000 322.406483 7.000000 0.000000
99.116316 -2.714655 3.327500 10886.508 7015.710 98.000000 322.406483 7.000000 0.000000
99.056600 -2.636636 3.327500 10886.508 7015.710 98.000000 322.406483 7.000000 0.000000
98.996890 -2.558614 3.327500 10886.508 7015.710 98.000000 322.406483 7.000000 0.000000
98.937187 -2.480590 3.327500 10886.508 7015.710 98.000000 322.406483 7.000000 0.000000
98.877491 -2.402564 3.327500 10886.508 7015.710 98.000000 322.406483 7.000000 0.000000
98.817801 -2.324537 3.327500 10886.508 7015.710 98.000000 322.406483 7.000000 0.000000
98.758117 -2.246507 3.327500 10886.508 7015.710 98.000000 322.406483 7.000000 0.000000
98.698438 -2.168477 3.327500 10886.508 7015.710 98.000000 322.406483 7.000000 0.000000
100.182556 -4.001877 4.182500 10886.508 7015.710 98.000000 322.406483 7.000000 0.000000
100.122666 -3.923944 4.182500 10886.508 7015.710 98.000000 322.406483 7.000000 21.591162
100.062789 -3.846004 4.182500 10886.508 7015.710 98.000000 322.406483 7.000000 98.586458
100.002924 -3.768058 4.182500 10886.508 7015.710 98.000000 322.406483 7.000000 259.382812
99.943072 -3.690104 4.182500 10886.508 7015.710 98.000000 322.406483 7.000000 478.243627
99.883231 -3.612145 4.182500 10886.508 7015.710 98.000000 322.406483 7.000000 643.668979
99.823401 -3.534179 4.182500 10886.508 7015.710 98.000000 322.406483 7.000000 740.864171
99.763583 -3.456208 4.182500 10886.508 7015.710 98.000000 322.406483 7.000000 789.028652
99.703776 -3.378232 4.182500 10886.508 7015.710 98.000000 322.406483 7.000000 806.667978
99.643979 -3.300250 4.182500 10886.508 7015.710 98.000000 322.406483 7.000000 798.007186
99.584192 -3.222263 4.182500 10886.508 7015.710 98.000000 322.406483 7.000000 751.604232
99.524415 -3.144272 4.182500 10886.508 7015.710 98.000000 322.406483 7.000000 646.097822
99.464647 -3.066276 4.182500 10886.508 7015.710 98.000000 322.406483 7.000000 465.369077
99.404888 -2.988276 4.182500 10886.508 7015.710 98.000000 322.406483 7.000000 232.189394
99.345138 -2.910272 4.182500 10886.508 7015.710 98.000000 322.406483 7.000000 68.857536
99.285397 -2.832264 4.182500 10886.508 7015.710 98.000000 322.406483 7.000000 4.210088
99.225664 -2.754254 4.182500 10886.508 7015.710 98.000000 322.406483 7.000000 0.000000
99.165938 -2.676239 4.182500 10886.508 7015.710 98.000000 322.406483 7.000000 0.000000
99.106220 -2.598223 4.182500 10886.508 7015.710 98.000000 322.406483 7.000000 0.000000
99.046509 -2.520203 4.182500 10886.508 7015.710 98.000000 322.406483 7.000000 0.000000
98.986805 -2.442181 4.182500 10886.508 7015.710 98.000000 322.406483 7.000000 0.000000
98.927107 -2.364157 4.182500 10886.508 7015.710 98.000000 322.406483 7.000000 0.000000
98.867416 -2.286131 4.182500 10886.508 7015.710 98.000000 322.406483 7.000000 0.000000
98.807730 -2.208104 4.182500 10886.508 7015.710 98.000000 322.406483 7.000000 0.000000
98.748050 -2.130075 4.182500 10886.508 7015.710 98.000000 322.406483 7.000000 0.000000
100.232194 -3.963405 5.037500 10886.508 7015.710 98.000000 322.406483 7.000000 0.000000
100.172303 -3.885476 5.037500 10886.508 7015.710 98.000000 322.406483 7.000000 0.000000
100.112425 -3.807540 5.037500 10886.508 7015.710 98.000000 322.406483 7.000000 38.559467
100.052559 -3.729597 5.037500 10886.508 7015.710 98.000000 322.406483 7.000000 157.233597
99.992706 -3.651648 5.037500 10886.508 7015.710 98.000000 322.406483 7.000000 343.910572
99.932864 -3.573692 5.037500 10886.508 7015.710 98.000000 322.406483 7.000000 485.424404
99.873033 -3.495730 5.037500 10886.508 7015.710 98.000000 322.406483 7.000000 568.129727
99.813214 -3.417762 5.037500 10886.508 7015.710 98.000000 322.406483 7.000000 611.003313
99.753405 -3.339789 5.037500 10886.508 7015.710 98.000000 322.406483 7.000000 630.393017
99.693607 -3.261810 5.037500 10886.508 7015.710 98.000000 322.406483 7.000000 627.969039
99.633819 -3.183826 5.037500 10886.508 7015.710 98.000000 322.406483 7.000000 591.494742
99.574041 -3.105838 5.037500 10886.508 7015.710 98.000000 322.406483 7.000000 501.168911
99.514272 -3.027845 5.037500 10886.508 7015.710 98.000000 322.406483 7.000000 343.280624
99.454512 -2.949848 5.037500 10886.508 7015.710 98.000000 322.406483 7.000000 142.388525
99.394761 -2.871847 5.037500 10886.508 7015.710 98.000000 322.406483 7.000000 23.598224
99.335018 -2.793842 5.037500 10886.508 7015.710 98.000000 322.406483 7.000000 0.000000
99.275284 -2.715833 5.037500 10886.508 7015.710 98.000000 322.406483 7.000000 0.000000
99.215557 -2.637822 5.037500 10886.508 7015.710 98.000000 322.406483 7.000000 0.000000
99.155837 -2.559807 5.037500 10886.508 7015.710 98.000000 322.406483 7.000000 0.000000
99.096125 -2.481790 5.037500 10886.508 7015.710 98.000000 322.406483 7.000000 0.000000
99.036420 -2.403770 5.037500 10886.508 7015.710 98.000000 322.406483 7.000000 0.000000
98.976721 -2.325748 5.037500 10886.508 7015.710 98.000000 322.406483 7.000000 0.000000
98.917028 -2.247724 5.037500 10886.508 7015.710 98.000000 322.406483 7.000000 0.000000
98.857341 -2.169698 5.037500 10886.508 7015.710 98.000000 322.406483 7.000000 0.000000
98.797659 -2.091671 5.037500 10886.508 7015.710 98.000000 322.406483 7.000000 0.000000
100.281828 -3.924931 5.892500 10886.508 7015.710 98.000000 322.406483 7.000000 0.000000
100.221936 -3.847006 5.892500 10886.508 7015.710 98.000000 322.406483 7.000000 0.000000
100.162057 -3.769074 5.892500 10886.508 7015.710 98.000000 322.406483 7.000000 5.167841
100.102190 -3.691135 5.892500 10886.508 7015.710 98.000000 322.406483 7.000000 73.257464
100.042336 -3.613189 5.892500 10886.508 7015.710 98.000000 322.406483 7.000000 214.299670
99.982493 -3.535237 5.892500 10886.508 7015.710 98.000000 322.406483 7.000000 321.283000
99.922661 -3.457278 5.892500 10886.508 7015.710 98.000000 322.406483 7.000000 383.928585
99.862841 -3.379314 5.892500 10886.508 7015.710 98.000000 322.406483 7.000000 420.120510
99.803031 -3.301344 5.892500 10886.508 7015.710 98.000000 322.406483 7.000000 442.139722
99.743232 -3.223368 5.892500 10886.508 7015.710 98.000000 322.406483 7.000000 447.601289
99.683443 -3.145388 5.892500 10886.508 7015.710 98.000000 322.406483 7.000000 423.758942
99.623663 -3.067402 5.892500 10886.508 7015.710 98.000000 322.406483 7.000000 354.293891
99.563893 -2.989412 5.892500 10886.508 7015.710 98.000000 322.406483 7.000000 229.103338
99.504132 -2.911418 5.892500 10886.508 7015.710 98.000000 322.406483 7.000000 71.605467
99.444380 -2.833419 5.892500 10886.508 7015.710 98.000000 322.406483 7.000000 0.000000
99.384636 -2.755417 5.892500 10886.508 7015.710 98.000000 322.406483 7.000000 0.000000
99.324900 -2.677411 5.892500 10886.508 7015.710 98.000000 322.406483 7.000000 0.000000
99.265172 -2.599402 5.892500 10886.508 7015.710 98.000000 322.406483 7.000000 0.000000
99.205452 -2.521389 5.892500 10886.508 7015.710 98.000000 322.406483 7.000000 0.000000
99.145738 -2.443374 5.892500 10886.508 7015.710 98.000000 322.406483 7.000000 0.000000
99.086031 -2.365356 5.892500 10886.508 7015.710 98.000000 322.406483 7.000000 0.000000
99.026331 -2.287336 5.892500 10886.508 7015.710 98.000000 322.406483 7.000000 0.000000
98.966637 -2.209314 5.892500 10886.508 7015.710 98.000000 322.406483 7.000000 0.000000
98.906948 -2.131291 5.892500 10886.508 7015.710 98.000000 322.406483 7.000000 0.000000
98.847265 -2.053265 5.892500 10886.508 7015.710 98.000000 322.406483 7.000000 0.000000
100.331458 -3.886456 6.747500 10886.508 7015.710 98.000000 322.406483 7.000000 0.000000
100.271565 -3.808534 6.747500 10886.508 7015.710 98.000000 322.406483 7.000000 0.000000
100.211685 -3.730606 6.747500 10886.508 7015.710 98.000000 322.406483 7.000000 0.000000
100.151818 -3.652671 6.747500 10886.508 7015.710 98.000000 322.406483 7.000000 20.584274
100.091962 -3.574728 6.747500 10886.508 7015.710 98.000000 322.406483 7.000000 106.573510
100.032118 -3.496780 6.747500 10886.508 7015.710 98.000000 322.406483 7.000000 170.719131
99.972286 -3.418825 6.747500 10886.508 7015.710 98.000000 322.406483 7.000000 208.719868
99.912464 -3.340864 6.747500 10886.508 7015.710 98.000000 322.406483 7.000000 236.213129
99.852654 -3.262897 6.747500 10886.508 7015.710 98.000000 322.406483 7.000000 259.948704
99.792853 -3.184925 6.747500 10886.508 7015.710 98.000000 322.406483 7.000000 272.349874
99.733063 -3.106947 6.747500 10886.508 7015.710 98.000000 322.406483 7.000000 260.825415
99.673283 -3.028965 6.747500 10886.508 7015.710 98.000000 322.406483 7.000000 214.968632
99.613512 -2.950977 6.747500 10886.508 7015.710 98.000000 322.406483 7.000000 129.922641
99.553749 -2.872986 6.747500 10886.508 7015.710 98.000000 322.406483 7.000000 24.744724
99.493996 -2.794990 6.747500 10886.508 7015.710 98.000000 322.406483 7.000000 0.000000
99.434251 -2.716990 6.747500 10886.508 7015.710 98.000000 322.406483 7.000000 0.000000
99.374514 -2.638987 6.747500 10886.508 7015.710 98.000000 322.406483 7.000000 0.000000
99.314785 -2.560980 6.747500 10886.508 7015.710 98.000000 322.406483 7.000000 0.000000
99.255063 -2.482970 6.747500 10886.508 7015.710 98.000000 322.406483 7.000000 0.000000
99.195349 -2.404957 6.747500 10886.508 7015.710 98.000000 322.406483 7.000000 0.000000
99.135641 -2.326941 6.747500 10886.508 7015.710 98.000000 322.406483 7.000000 0.000000
99.075939 -2.248923 6.747500 10886.508 7015.710 98.000000 322.406483 7.000000 0.000000
99.016243 -2.170903 6.747500 10886.508 7015.710 98.000000 322.406483 7.000000 0.000000
98.956554 -2.092881 6.747500 10886.508 7015.710 98.000000 322.406483 7.000000 0.000000
98.896869 -2.014857 6.747500 10886.508 7015.710 98.000000 322.406483 7.000000 0.000000
100.381084 -3.847978 7.602500 10886.508 7015.710 98.000000 322.406483 7.000000 0.000000
100.321190 -3.770061 7.602500 10886.508 7015.710 98.000000 322.406483 7.000000 0.000000
100.261309 -3.692137 7.602500 10886.508 7015.710 98.000000 322.406483 7.000000 0.000000
100.201441 -3.614205 7.602500 10886.508 7015.710 98.000000 322.406483 7.000000 0.000000
100.141585 -3.536266 7.602500 10886.508 7015.710 98.000000 322.406483 7.000000 33.632071
100.081740 -3.458321 7.602500 10886.508 7015.710 98.000000 322.406483 7.000000 56.491271
100.021907 -3.380369 7.602500 10886.508 7015.710 98.000000 322.406483 7.000000 70.688322
99.962084 -3.302412 7.602500 10886.508 7015.710 98.000000 322.406483 7.000000 87.843274
99.902273 -3.224448 7.602500 10886.508 7015.710 98.000000 322.406483 7.000000 109.977150
99.842471 -3.146479 7.602500 10886.508 7015.710 98.000000 322.406483 7.000000 124.981581
99.782680 -3.068505 7.602500 10886.508 7015.710 98.000000 322.406483 7.000000 121.750499
99.722899 -2.990525 7.602500 10886.508 7015.710 98.000000 322.406483 7.000000 97.586374
99.663127 -2.912541 7.602500 10886.508 7015.710 98.000000 322.406483 7.000000 53.740390
99.603363 -2.834552 7.602500 10886.508 7015.710 98.000000 322.406483 7.000000 0.000000
99.543609 -2.756559 7.602500 10886.508 7015.710 98.000000 322.406483 7.000000 0.000000
99.483863 -2.678561 7.602500 10886.508 7015.710 98.000000 322.406483 7.000000 0.000000
99.424125 -2.600560 7.602500 10886.508 7015.710 98.000000 322.406483 7.000000 0.000000
99.364395 -2.522556 7.602500 10886.508 7015.710 98.000000 322.406483 7.000000 0.000000
99.304672 -2.444548 7.602500 10886.508 7015.710 98.000000 322.406483 7.000000 0.000000
99.244956 -2.366537 7.602500 10886.508 7015.710 98.000000 322.406483 7.000000 0.000000
99.185247 -2.288524 7.602500 10886.508 7015.710 98.000000 322.406483 7.000000 0.000000
99.125544 -2.210508 7.602500 10886.508 7015.710 98.000000 322.406483 7.000000 0.000000
99.065847 -2.132489 7.602500 10886.508 7015.710 98.000000 322.406483 7.000000 0.000000
99.006157 -2.054469 7.602500 10886.508 7015.710 98.000000 322.406483 7.000000 0.000000
98.946471 -1.976447 7.602500 10886.508 7015.710 98.000000 322.406483 7.000000 0.000000
100.430706 -3.809499 8.457500 10886.508 7015.710 98.000000 322.406483 7.000000 0.000000
100.370811 -3.731586 8.457500 10886.508 7015.710 98.000000 322.406483 7.000000 0.000000
100.310930 -3.653665 8.457500 10886.508 7015.710 98.000000 322.406483 7.000000 0.000000
100.251061 -3.575737 8.457500 10886.508 7015.710 98.000000 322.406483 7.000000 0.000000
100.191204 -3.497802 8.457500 10886.508 7015.710 98.000000 322.406483 7.000000 0.462065
100.131358 -3.419861 8.457500 10886.508 7015.710 98.000000 322.406483 7.000000 0.000000
100.071524 -3.341913 8.457500 10886.508 7015.710 98.000000 322.406483 7.000000 0.000000
100.011701 -3.263958 8.457500 10886.508 7015.710 98.000000 322.406483 7.000000 5.896272
99.951888 -3.185998 8.457500 10886.508 7015.710 98.000000 322.406483 7.000000 20.018280
99.892086 -3.108032 8.457500 10886.508 7015.710 98.000000 322.406483 7.000000 30.382072
99.832294 -3.030061 8.457500 10886.508 7015.710 98.000000 322.406483 7.000000 29.684535
99.772512 -2.952084 8.457500 10886.508 7015.710 98.000000 322.406483 7.000000 21.110553
99.712738 -2.874103 8.457500 10886.508 7015.710 98.000000 322.406483 7.000000 10.559382
99.652974 -2.796116 8.457500 10886.508 7015.710 98.000000 322.406483 7.000000 0.000000
99.593219 -2.718126 8.457500 10886.508 7015.710 98.000000 322.406483 7.000000 0.000000
99.533472 -2.640131 8.457500 10886.508 7015.710 98.000000 322.406483 7.000000 0.000000
99.473733 -2.562133 8.457500 10886.508 7015.710 98.000000 322.406483 7.000000 0.000000
99.414002 -2.484130 8.457500 10886.508 7015.710 98.000000 322.406483 7.000000 0.000000
99.354278 -2.406125 8.457500 10886.508 7015.710 98.000000 322.406483 7.000000 0.000000
99.294561 -2.328116 8.457500 10886.508 7015.710 98.000000 322.406483 7.000000 0.000000
99.234851 -2.250105 8.457500 10886.508 7015.710 98.000000 322.406483 7.000000 0.000000
99.175147 -2.172091 8.457500 10886.508 7015.710 98.000000 322.406483 7.000000 0.000000
99.115449 -2.094074 8.457500 10886.508 7015.710 98.000000 322.406483 7.000000 0.000000
99.055757 -2.016056 8.457500 10886.508 7015.710 98.000000 322.406483 7.000000 0.000000
98.996070 -1.938036 8.457500 10886.508 7015.710 98.000000 322.406483 7.000000 0.000000
100.480324 -3.771019 9.312500 10886.508 7015.710 98.000000 322.406483 7.000000 0.000000
100.420429 -3.693110 9.312500 10886.508 7015.710 98.000000 322.406483 7.000000 0.000000
100.360547 -3.615193 9.312500 10886.508 7015.710 98.000000 322.406483 7.000000 0.000000
100.300677 -3.537268 9.312500 10886.508 7015.710 98.000000 322.406483 7.000000 0.000000
100.240819 -3.459337 9.312500 10886.508 7015.710 98.000000 322.406483 7.000000 0.000000
100.180973 -3.381399 9.312500 10886.508 7015.710 98.000000 322.406483 7.000000 0.000000
100.121138 -3.303454 9.312500 10886.508 7015.710 98.000000 322.406483 7.000000 0.000000
100.061314 -3.225503 9.312500 10886.508 7015.710 98.000000 322.406483 7.000000 0.000000
100.001500 -3.147546 9.312500 10886.508 7015.710 98.000000 322.406483 7.000000 0.000000
99.941697 -3.069583 9.312500 10886.508 7015.710 98.000000 322.406483 7.000000 0.000000
99.881904 -2.991615 9.312500 10886.508 7015.710 98.000000 322.406483 7.000000 0.000000
99.822121 -2.913641 9.312500 10886.508 7015.710 98.000000 322.406483 7.000000 0.000000
99.762347 -2.835663 9.312500 10886.508 7015.710 98.000000 322.406483 7.000000 0.000000
99.702582 -2.757679 9.312500 10886.508 7015.710 98.000000 322.406483 7.000000 0.000000
99.642826 -2.679691 9.312500 10886.508 7015.710 98.000000 322.406483 7.000000 0.000000
99.583078 -2.601699 9.312500 10886.508 7015.710 98.000000 322.406483 7.000000 0.000000
99.523338 -2.523703 9.312500 10886.508 7015.710 98.000000 322.406483 7.000000 0.000000
99.463606 -2.445703 9.312500 10886.508 7015.710 98.000000 322.406483 7.000000 0.000000
99.403881 -2.367700 9.312500 10886.508 7015.710 98.000000 322.406483 7.000000 0.000000
99.344163 -2.289693 9.312500 10886.508 7015.710 98.000000 322.406483 7.000000 0.000000
99.284452 -2.211684 9.312500 10886.508 7015.710 98.000000 322.406483 7.000000 0.000000
99.224747 -2.133672 9.312500 10886.508 7015.710 98.000000 322.406483 7.000000 0.000000
99.165048 -2.055657 9.312500 10886.508 7015.710 98.000000 322.406483 7.000000 0.000000
99.105355 -1.977641 9.312500 10886.508 7015.710 98.000000 322.406483 7.000000 0.000000
99.045667 -1.899622 9.312500 10886.508 7015.710 98.000000 322.406483 7.000000 0.000000
100.529938 -3.732537 10.167500 10886.508 7015.710 98.000000 322.406483 7.000000 0.000000
100.470043 -3.654632 10.167500 10886.508 7015.710 98.000000 322.406483 7.000000 0.000000
100.410160 -3.576719 10.167500 10886.508 7015.710 98.000000 322.406483 7.000000 0.000000
100.350289 -3.498798 10.167500 10886.508 7015.710 98.000000 322.406483 7.000000 0.000000
100.290431 -3.420870 10.167500 10886.508 7015.710 98.000000 322.406483 7.000000 0.000000
100.230584 -3.342936 10.167500 10886.508 7015.710 98.000000 322.406483 7.000000 0.000000
100.170748 -3.264994 10.167500 10886.508 7015.710 98.000000 322.406483 7.000000 0.000000
100.110923 -3.187047 10.167500 10886.508 7015.710 98.000000 322.406483 7.000000 0.000000
100.051109 -3.109093 10.167500 10886.508 7015.710 98.000000 322.406483 7.000000 0.000000
99.991306 -3.031133 10.167500 10886.508 7015.710 98.000000 322.406483 7.000000 0.000000
99.931512 -2.953168 10.167500 10886.508 7015.710 98.000000 322.406483 7.000000 0.000000
99.871728 -2.875197 10.167500 10886.508 7015.710 98.000000 322.406483 7.000000 0.000000
99.811953 -2.797221 10.167500 10886.508 7015.710 98.000000 322.406483 7.000000 0.000000
99.752187 -2.719241 10.167500 10886.508 7015.710 98.000000 322.406483 7.000000 0.000000
99.692430 -2.641255 10.167500 10886.508 7015.710 98.000000 322.406483 7.000000 0.000000
99.632681 -2.563266 10.167500 10886.508 7015.710 98.000000 322.406483 7.000000 0.000000
99.572940 -2.485272 10.167500 10886.508 7015.710 98.000000 322.406483 7.000000 0.000000
99.513207 -2.407274 10.167500 10886.508 7015.710 98.000000 322.406483 7.000000 0.000000
99.453481 -2.329273 10.167500 10886.508 7015.710 98.000000 322.406483 7.000000 0.000000
99.393762 -2.251269 10.167500 10886.508 7015.710 98.000000 322.406483 7.000000 0.000000
99.334050 -2.173262 10.167500 10886.508 7015.710 98.000000 322.406483 7.000000 0.000000
99.274344 -2.095251 10.167500 10886.508 7015.710 98.000000 322.406483 7.000000 0.000000
99.214645 -2.017239 10.167500 10886.508 7015.710 98.000000 322.406483 7.000000 0.000000
99.154950 -1.939224 10.167500 10886.508 7015.710 98.000000 322.406483 7.000000 0.000000
99.095262 -1.861207 10.167500 10886.508 7015.710 98.000000 322.406483 7.000000 0.000000
100.579549 -3.694054 11.022500 10886.508 7015.710 98.000000 322.406483 7.000000 0.000000
100.519653 -3.616152 11.022500 10886.508 7015.710 98.000000 322.406483 7.000000 0.000000
100.459769 -3.538243 11.022500 10886.508 7015.710 98.000000 322.406483 7.000000 0.000000
100.399898 -3.460326 11.022500 10886.508 7015.710 98.000000 322.406483 7.000000 0.000000
100.340039 -3.382402 11.022500 10886.508 7015.710 98.000000 322.406483 7.000000 0.000000
100.280191 -3.304471 11.022500 10886.508 7015.710 98.000000 322.406483 7.000000 0.000000
100.220355 -3.226533 11.022500 10886.508 7015.710 98.000000 322.406483 7.000000 0.000000
100.160530 -3.148589 11.022500 10886.508 7015.710 98.000000 322.406483 7.000000 9.041415
100.100715 -3.070638 11.022500 10886.508 7015.710 98.000000 322.406483 7.000000 1.806138
100.040911 -2.992682 11.022500 10886.508 7015.710 98.000000 322.406483 7.000000 0.435309
99.981116 -2.914719 11.022500 10886.508 7015.710 98.000000 322.406483 7.000000 0.000000
99.921331 -2.836751 11.022500 10886.508 7015.710 98.000000 322.406483 7.000000 0.000000
99.861556 -2.758778 11.022500 10886.508 7015.710 98.000000 322.406483 7.000000 0.000000
99.801789 -2.680800 11.022500 10886.508 7015.710 98.000000 322.406483 7.000000 0.000000
99.742031 -2.602818 11.022500 10886.508 7015.710 98.000000 322.406483 7.000000 0.000000
99.682281 -2.524831 11.022500 10886.508 7015.710 98.000000 322.406483 7.000000 0.000000
99.622540 -2.446839 11.022500 10886.508 7015.710 98.000000 322.406483 7.000000 0.000000
99.562806 -2.368844 11.022500 10886.508 7015.710 98.000000 322.406483 7.000000 0.000000
99.503079 -2.290845 11.022500 10886.508 7015.710 98.000000 322.406483 7.000000 0.000000
99.443359 -2.212843 11.022500 10886.508 7015.710 98.000000 322.406483 7.000000 0.000000
99.383646 -2.134838 11.022500 10886.508 7015.710 98.000000 322.406483 7.000000 0.000000
99.323940 -2.056830 11.022500 10886.508 7015.710 98.000000 322.406483 7.000000 6.885660
99.264239 -1.978819 11.022500 10886.508 7015.710 98.000000 322.406483 7.000000 4.844112
99.204544 -1.900805 11.022500 10886.508 7015.710 98.000000 322.406483 7.000000 0.000000
99.144854 -1.822790 11.022500 10886.508 7015.710 98.000000 322.406483 7.000000 0.000000
100.629156 -3.655570 11.877500 10886.508 7015.710 98.000000 322.406483 7.000000 0.000000
100.569259 -3.577672 11.877500 10886.508 7015.710 98.000000 322.406483 7.000000 0.000000
100.509375 -3.499767 11.877500 10886.508 7015.710 98.000000 322.406483 7.000000 0.000000
100.449503 -3.421853 11.877500 10886.508 7015.710 98.000000 322.406483 7.000000 0.000000
100.389644 -3.343933 11.877500 10886.508 7015.710 98.000000 322.406483 7.000000 0.000000
100.329796 -3.266005 11.877500 10886.508 7015.710 98.000000 322.406483 7.000000 0.000000
100.269959 -3.188071 11.877500 10886.508 7015.710 98.000000 322.406483 7.000000 0.000000
100.210133 -3.110130 11.877500 10886.508 7015.710 98.000000 322.406483 7.000000 21.551004
100.150317 -3.032182 11.877500 10886.508 7015.710 98.000000 322.406483 7.000000 6.232764
100.090512 -2.954229 11.877500 10886.508 7015.710 98.000000 322.406483 7.000000 8.385831
100.030717 -2.876269 11.877500 10886.508 7015.710 98.000000 322.406483 7.000000 16.037823
99.970932 -2.798304 11.877500 10886.508 7015.710 98.000000 322.406483 7.000000 16.547164
99.911156 -2.720334 11.877500 10886.508 7015.710 98.000000 322.406483 7.000000 11.266422
99.851388 -2.642359 11.877500 10886.508 7015.710 98.000000 322.406483 7.000000 0.000000
99.791630 -2.564379 11.877500 10886.508 7015.710 98.000000 322.406483 7.000000 0.000000
99.731879 -2.486394 11.877500 10886.508 7015.710 98.000000 322.406483 7.000000 0.000000
99.672137 -2.408405 11.877500 10886.508 7015.710 98.000000 322.406483 7.000000 0.000000
99.612402 -2.330413 11.877500 10886.508 7015.710 98.000000 322.406483 7.000000 5.200628
99.552674 -2.252416 11.877500 10886.508 7015.710 98.000000 322.406483 7.000000 4.038306
99.492954 -2.174416 11.877500 10886.508 7015.710 98.000000 322.406483 7.000000 0.000000
99.433240 -2.096413 11.877500 10886.508 7015.710 98.000000 322.406483 7.000000 0.612484
99.373532 -2.018406 11.877500 10886.508 7015.710 98.000000 322.406483 7.000000 17.204879
99.313831 -1.940397 11.877500 10886.508 7015.710 98.000000 322.406483 7.000000 23.056585
99.254135 -1.862386 11.877500 10886.508 7015.710 98.000000 322.406483 7.000000 0.000000
99.194444 -1.784372 11.877500 10886.508 7015.710 98.000000 322.406483 7.000000 0.000000
100.678759 -3.617084 12.732500 10886.508 7015.710 98.000000 322.406483 7.000000 0.000000
100.618862 -3.539190 12.732500 10886.508 7015.710 98.000000 322.406483 7.000000 0.000000
100.558978 -3.461289 12.732500 10886.508 7015.710 98.000000 322.406483 7.000000 0.000000
100.499105 -3.383379 12.732500 10886.508 7015.710 98.000000 322.406483 7.000000 0.000000
100.439245 -3.305462 12.732500 10886.508 7015.710 98.000000 322.406483 7.000000 0.000000
100.379397 -3.227538 12.732500 10886.508 7015.710 98.000000 322.406483 7.000000 0.000000
100.319559 -3.149607 12.732500 10886.508 7015.710 98.000000 322.406483 7.000000 0.000000
100.259733 -3.071669 12.732500 10886.508 7015.710 98.000000 322.406483 7.000000 0.000000
100.199917 -2.993725 12.732500 10886.508 7015.710 98.000000 322.406483 7.000000 0.000000
100.140111 -2.915775 12.732500 10886.508 7015.710 98.000000 322.406483 7.000000 0.000000
100.080316 -2.837818 12.732500 10886.508 7015.710 98.000000 322.406483 7.000000 0.000000
100.020529 -2.759856 12.732500 10886.508 7015.710 98.000000 322.406483 7.000000 0.000000
99.960753 -2.681889 12.732500 10886.508 7015.710 98.000000 322.406483 7.000000 0.000000
99.900985 -2.603916 12.732500 10886.508 7015.710 98.000000 322.406483 7.000000 0.000000
99.841225 -2.525939 12.732500 10886.508 7015.710 98.000000 322.406483 7.000000 0.000000
99.781474 -2.447957 12.732500 10886.508 7015.710 98.000000 322.406483 7.000000 0.000000
99.721731 -2.369970 12.732500 10886.508 7015.710 98.000000 322.406483 7.000000 0.000000
99.661996 -2.291980 12.732500 10886.508 7015.710 98.000000 322.406483 7.000000 1.807910
99.602267 -2.213985 12.732500 10886.508 7015.710 98.000000 322.406483 7.000000 0.000000
99.542546 -2.135987 12.732500 10886.508 7015.710 98.000000 322.406483 7.000000 0.000000
99.482831 -2.057986 12.732500 10886.508 7015.710 98.000000 322.406483 7.000000 0.000000
99.423123 -1.979981 12.732500 10886.508 7015.710 98.000000 322.406483 7.000000 0.000000
99.363421 -1.901974 12.732500 10886.508 7015.710 98.000000 322.406483 7.000000 0.000000
99.303724 -1.823964 12.732500 10886.508 7015.710 98.000000 322.406483 7.000000 0.000000
99.244032 -1.745952 12.732500 10886.508 7015.710 98.000000 322.406483 7.000000 0.000000
100.728359 -3.578598 13.587500 10886.508 7015.710 98.000000 322.406483 7.000000 0.000000
100.668461 -3.500708 13.587500 10886.508 7015.710 98.000000 322.406483 7.000000 0.000000
100.608577 -3.422810 13.587500 10886.508 7015.710 98.000000 322.406483 7.000000 0.000000
100.548704 -3.344904 13.587500 10886.508 7015.710 98.000000 322.406483 7.000000 0.000000
100.488844 -3.266991 13.587500 10886.508 7015.710 98.000000 322.406483 7.000000 0.000000
100.428994 -3.189070 13.587500 10886.508 7015.710 98.000000 322.406483 7.000000 0.000000
100.369157 -3.111142 13.587500 10886.508 7015.710 98.000000 322.406483 7.000000 0.000000
100.309330 -3.033208 13.587500 10886.508 7015.710 98.000000 322.406483 7.000000 0.000000
100.249513 -2.955267 13.587500 10886.508 7015.710 98.000000 322.406483 7.000000 0.000000
100.189707 -2.877319 13.587500 10886.508 7015.710 98.000000 322.406483 7.000000 0.000000
100.129911 -2.799366 13.587500 10886.508 7015.710 98.000000 322.406483 7.000000 0.000000
100.070124 -2.721407 13.587500 10886.508 7015.710 98.000000 322.406483 7.000000 0.000000
100.010347 -2.643442 13.587500 10886.508 7015.710 98.000000 322.406483 7.000000 1.165065
99.950578 -2.565472 13.587500 10886.508 7015.710 98.000000 322.406483 7.000000 3.107122
99.890818 -2.487497 13.587500 10886.508 7015.710 98.000000 322.406483 7.000000 0.000000
99.831067 -2.409518 13.587500 10886.508 7015.710 98.000000 322.406483 7.000000 0.000000
99.771323 -2.331534 13.587500 10886.508 7015.710 98.000000 322.406483 7.000000 0.000000
99.711587 -2.253545 13.587500 10886.508 7015.710 98.000000 322.406483 7.000000 0.000000
99.651858 -2.175553 13.587500 10886.508 7015.710 98.000000 322.406483 7.000000 0.000000
99.592136 -2.097557 13.587500 10886.508 7015.710 98.000000 322.406483 7.000000 0.000000
99.532421 -2.019558 13.587500 10886.508 7015.710 98.000000 322.406483 7.000000 0.000000
99.472711 -1.941555 13.587500 10886.508 7015.710 98.000000 322.406483 7.000000 0.000000
99.413008 -1.863550 13.587500 10886.508 7015.710 98.000000 322.406483 7.000000 0.000000
99.353311 -1.785542 13.587500 10886.508 7015.710 98.000000 322.406483 7.000000 0.000000
99.293618 -1.707531 13.587500 10886.508 7015.710 98.000000 322.406483 7.000000 0.000000
100.777955 -3.540110 14.442500 10886.508 7015.710 98.000000 322.406483 7.000000 0.000000
100.718057 -3.462224 14.442500 10886.508 7015.710 98.000000 322.406483 7.000000 0.000000
100.658172 -3.384330 14.442500 10886.508 7015.710 98.000000 322.406483 7.000000 0.000000
100.598300 -3.306428 14.442500 10886.508 7015.710 98.000000 322.406483 7.000000 0.000000
100.538439 -3.228518 14.442500 10886.508 7015.710 98.000000 322.406483 7.000000 0.000000
100.478589 -3.150601 14.442500 10886.508 7015.710 98.000000 322.406483 7.000000 0.000000
100.418751 -3.072676 14.442500 10886.508 7015.710 98.000000 322.406483 7.000000 0.000000
100.358924 -2.994745 14.442500 10886.508 7015.710 98.000000 322.406483 7.000000 0.000000
100.299107 -2.916807 14.442500 10886.508 7015.710 98.000000 322.406483 7.000000 0.000000
100.239300 -2.838863 14.442500 10886.508 7015.710 98.000000 322.406483 7.000000 0.000000
100.179503 -2.760912 14.442500 10886.508 7015.710 98.000000 322.406483 7.000000 0.000000
100.119716 -2.682956 14.442500 10886.508 7015.710 98.000000 322.406483 7.000000 0.000000
100.059938 -2.604994 14.442500 10886.508 7015.710 98.000000 322.406483 7.000000 0.000000
100.000169 -2.527027 14.442500 10886.508 7015.710 98.000000 322.406483 7.000000 0.000000
99.940409 -2.449055 14.442500 10886.508 7015.710 98.000000 322.406483 7.000000 0.000000
99.880657 -2.371078 14.442500 10886.508 7015.710 98.000000 322.406483 7.000000 18.593838
99.820912 -2.293096 14.442500 10886.508 7015.710 98.000000 322.406483 7.000000 0.000000
99.761176 -2.215110 14.442500 10886.508 7015.710 98.000000 322.406483 7.000000 0.000000
99.701446 -2.137120 14.442500 10886.508 7015.710 98.000000 322.406483 7.000000 0.000000
99.641723 -2.059126 14.442500 10886.508 7015.710 98.000000 322.406483 7.000000 0.000000
99.582007 -1.981129 14.442500 10886.508 7015.710 98.000000 322.406483 7.000000 0.000000
99.522298 -1.903128 14.442500 10886.508 7015.710 98.000000 322.406483 7.000000 0.000000
99.462594 -1.825125 14.442500 10886.508 7015.710 98.000000 322.406483 7.000000 0.000000
99.402896 -1.747118 14.442500 10886.508 7015.710 98.000000 322.406483 7.000000 0.000000
99.343203 -1.669109 14.442500 10886.508 7015.710 98.000000 322.406483 7.000000 0.000000
100.827548 -3.501622 15.297500 10886.508 7015.710 98.000000 322.406483 7.000000 0.000000
100.767650 -3.423740 15.297500 10886.508 7015.710 98.000000 322.406483 7.000000 0.000000
100.707765 -3.345849 15.297500 10886.508 7015.710 98.000000 322.406483 7.000000 0.000000
100.647892 -3.267951 15.297500 10886.508 7015.710 98.000000 322.406483 7.000000 0.000000
100.588030 -3.190044 15.297500 10886.508 7015.710 98.000000 322.406483 7.000000 0.000000
100.528181 -3.112131 15.297500 10886.508 7015.710 98.000000 322.406483 7.000000 0.000000
100.468342 -3.034209 15.297500 10886.508 7015.710 98.000000 322.406483 7.000000 0.000000
100.408514 -2.956281 15.297500 10886.508 7015.710 98.000000 322.406483 7.000000 0.000000
100.348697 -2.878347 15.297500 10886.508 7015.710 98.000000 322.406483 7.000000 0.000000
100.288890 -2.800405 15.297500 10886.508 7015.710 98.000000 322.406483 7.000000 0.000000
100.229093 -2.722458 15.297500 10886.508 7015.710 98.000000 322.406483 7.000000 0.000000
100.169306 -2.644505 15.297500 10886.508 7015.710 98.000000 322.406483 7.000000 0.000000
100.109527 -2.566546 15.297500 10886.508 7015.710 98.000000 322.406483 7.000000 0.000000
100.049758 -2.488581 15.297500 10886.508 7015.710 98.000000 322.406483 7.000000 0.000000
99.989997 -2.410611 15.297500 10886.508 7015.710 98.000000 322.406483 7.000000 0.000000
99.930244 -2.332637 15.297500 10886.508 7015.710 98.000000 322.406483 7.000000 9.411487
99.870499 -2.254657 15.297500 10886.508 7015.710 98.000000 322.406483 7.000000 0.000000
99.810762 -2.176674 15.297500 10886.508 7015.710 98.000000 322.406483 7.000000 0.000000
99.751032 -2.098686 15.297500 10886.508 7015.710 98.000000 322.406483 7.000000 0.000000
99.691309 -2.020694 15.297500 10886.508 7015.710 98.000000 322.406483 7.000000 0.000000
99.631592 -1.942699 15.297500 10886.508 7015.710 98.000000 322.406483 7.000000 0.000000
99.571882 -1.864700 15.297500 10886.508 7015.710 98.000000 322.406483 7.000000 0.000000
99.512177 -1.786698 15.297500 10886.508 7015.710 98.000000 322.406483 7.000000 0.000000
99.452479 -1.708693 15.297500 10886.508 7015.710 98.000000 322.406483 7.000000 0.000000
99.392785 -1.630686 15.297500 10886.508 7015.710 98.000000 322.406483 7.000000 0.000000
100.877138 -3.463133 16.152500 10886.508 7015.710 98.000000 322.406483 7.000000 0.000000
100.817240 -3.385254 16.152500 10886.508 7015.710 98.000000 322.406483 7.000000 0.000000
100.757354 -3.307367 16.152500 10886.508 7015.710 98.000000 322.406483 7.000000 0.000000
100.697481 -3.229473 16.152500 10886.508 7015.710 98.000000 322.406483 7.000000 0.000000
100.637619 -3.151570 16.152500 10886.508 7015.710 98.000000 322.406483 7.000000 0.000000
100.577769 -3.073660 16.152500 10886.508 7015.710 98.000000 322.406483 7.000000 0.000000
100.517930 -2.995742 16.152500 10886.508 7015.710 98.000000 322.406483 7.000000 0.000000
100.458102 -2.917817 16.152500 10886.508 7015.710 98.000000 322.406483 7.000000 0.000000
100.398285 -2.839885 16.152500 10886.508 7015.710 98.000000 322.406483 7.000000 0.000000
100.338478 -2.761947 16.152500 10886.508 7015.710 98.000000 322.406483 7.000000 0.000000
100.278680 -2.684003 16.152500 10886.508 7015.710 98.000000 322.406483 7.000000 0.000000
100.218892 -2.606052 16.152500 10886.508 7015.710 98.000000 322.406483 7.000000 0.000000
100.159114 -2.528096 16.152500 10886.508 7015.710 98.000000 322.406483 7.000000 0.000000
100.099344 -2.450134 16.152500 10886.508 7015.710 98.000000 322.406483 7.000000 0.000000
100.039582 -2.372167 16.152500 10886.508 7015.710 98.000000 322.406483 7.000000 0.000000
99.979829 -2.294195 16.152500 10886.508 7015.710 98.000000 322.406483 7.000000 0.000000
99.920084 -2.216218 16.152500 10886.508 7015.710 98.000000 322.406483 7.000000 0.000000
99.860346 -2.138236 16.152500 10886.508 7015.710 98.000000 322.406483 7.000000 0.000000
99.800616 -2.060251 16.152500 10886.508 7015.710 98.000000 322.406483 7.000000 0.000000
99.740892 -1.982261 16.152500 10886.508 7015.710 98.000000 322.406483 7.000000 0.000000
99.681175 -1.904267 16.152500 10886.508 7015.710 98.000000 322.406483 7.000000 0.000000
99.621464 -1.826271 16.152500 10886.508 7015.710 98.000000 322.406483 7.000000 0.000000
99.561759 -1.748271 16.152500 10886.508 7015.710 98.000000 322.406483 7.000000 0.000000
99.502060 -1.670268 16.152500 10886.508 7015.710 98.000000 322.406483 7.000000 0.000000
99.442366 -1.592262 16.152500 10886.508 7015.710 98.000000 322.406483 7.000000 0.000000
100.926724 -3.424643 17.007500 10886.508 7015.710 98.000000 322.406483 7.000000 1.410708
100.866826 -3.346768 17.007500 10886.508 7015.710 98.000000 322.406483 7.000000 0.591356
100.806940 -3.268885 17.007500 10886.508 7015.710 98.000000 322.406483 7.000000 0.000000
100.747067 -3.190994 17.007500 10886.508 7015.710 98.000000 322.406483 7.000000 0.000000
100.687205 -3.113095 17.007500 10886.508 7015.710 98.000000 322.406483 7.000000 0.000000
100.627355 -3.035188 17.007500 10886.508 7015.710 98.000000 322.406483 7.000000 0.000000
100.567516 -2.957273 17.007500 10886.508 7015.710 98.000000 322.406483 7.000000 0.000000
100.507688 -2.879352 17.007500 10886.508 7015.710 98.000000 322.406483 7.000000 0.000000
100.447870 -2.801423 17.007500 10886.508 7015.710 98.000000 322.406483 7.000000 0.000000
100.388062 -2.723488 17.007500 10886.508 7015.710 98.000000 322.406483 7.000000 0.000000
100.328265 -2.645547 17.007500 10886.508 7015.710 98.000000 322.406483 7.000000 0.000000
100.268477 -2.567599 17.007500 10886.508 7015.710 98.000000 322.406483 7.000000 0.000000
100.208698 -2.489645 17.007500 10886.508 7015.710 98.000000 322.406483 7.000000 0.000000
100.148927 -2.411686 17.007500 10886.508 7015.710 98.000000 322.406483 7.000000 0.000000
100.089166 -2.333721 17.007500 10886.508 7015.710 98.000000 322.406483 7.000000 0.000000
100.029412 -2.255752 17.007500 10886.508 7015.710 98.000000 322.406483 7.000000 0.000000
99.969667 -2.177777 17.007500 10886.508 7015.710 98.000000 322.406483 7.000000 0.000000
99.909928 -2.099798 17.007500 10886.508 7015.710 98.000000 322.406483 7.000000 0.000000
99.850197 -2.021814 17.007500 10886.508 7015.710 98.000000 322.406483 7.000000 0.000000
99.790473 -1.943827 17.007500 10886.508 7015.710 98.000000 322.406483 7.000000 0.000000
99.730756 -1.865835 17.007500 10886.508 7015.710 98.000000 322.406483 7.000000 0.000000
99.671044 -1.787840 17.007500 10886.508 7015.710 98.000000 322.406483 7.000000 0.000000
99.611339 -1.709842 17.007500 10886.508 7015.710 98.000000 322.406483 7.000000 0.000000
99.551639 -1.631841 17.007500 10886.508 7015.710 98.000000 322.406483 7.000000 0.000000
99.491944 -1.553837 17.007500 10886.508 7015.710 98.000000 322.406483 7.000000 0.000000
100.976307 -3.386152 17.862500 10886.508 7015.710 98.000000 322.406483 7.000000 3.296854
100.916409 -3.308281 17.862500 10886.508 7015.710 98.000000 322.406483 7.000000 3.593243
100.856523 -3.230402 17.862500 10886.508 7015.710 98.000000 322.406483 7.000000 0.000000
100.796650 -3.152515 17.862500 10886.508 7015.710 98.000000 322.406483 7.000000 0.000000
100.736788 -3.074619 17.862500 10886.508 7015.710 98.000000 322.406483 7.000000 0.000000
100.676938 -2.996715 17.862500 10886.508 7015.710 98.000000 322.406483 7.000000 0.000000
100.617099 -2.918804 17.862500 10886.508 7015.710 98.000000 322.406483 7.000000 0.000000
100.557270 -2.840886 17.862500 10886.508 7015.710 98.000000 322.406483 7.000000 0.000000
100.497452 -2.762961 17.862500 10886.508 7015.710 98.000000 322.406483 7.000000 0.000000
100.437645 -2.685028 17.862500 10886.508 7015.710 98.000000 322.406483 7.000000 0.000000
100.377847 -2.607090 17.862500 10886.508 7015.710 98.000000 322.406483 7.000000 0.000000
100.318058 -2.529145 17.862500 10886.508 7015.710 98.000000 322.406483 7.000000 0.000000
100.258279 -2.451194 17.862500 10886.508 7015.710 98.000000 322.406483 7.000000 0.000000
100.198508 -2.373238 17.862500 10886.508 7015.710 98.000000 322.406483 7.000000 0.000000
100.138747 -2.295275 17.862500 10886.508 7015.710 98.000000 322.406483 7.000000 0.000000
100.078993 -2.217308 17.862500 10886.508 7015.710 98.000000 322.406483 7.000000 0.000000
100.019247 -2.139336 17.862500 10886.508 7015.710 98.000000 322.406483 7.000000 0.000000
99.959508 -2.061359 17.862500 10886.508 7015.710 98.000000 322.406483 7.000000 0.000000
99.899777 -1.983378 17.862500 10886.508 7015.710 98.000000 322.406483 7.000000 0.000000
99.840053 -1.905392 17.862500 10886.508 7015.710 98.000000 322.406483 7.000000 0.000000
99.780335 -1.827402 17.862500 10886.508 7015.710 98.000000 322.406483 7.000000 0.000000
99.720623 -1.749409 17.862500 10886.508 7015.710 98.000000 322.406483 7.000000 0.000000
99.660917 -1.671413 17.862500 10886.508 7015.710 98.000000 322.406483 7.000000 0.000000
99.601217 -1.593413 17.862500 10886.508 7015.710 98.000000 322.406483 7.000000 0.000000
99.541521 -1.515410 17.862500 10886.508 7015.710 98.000000 322.406483 7.000000 0.000000
101.025887 -3.347661 18.717500 10886.508 7015.710 98.000000 322.406483 7.000000 5.281686
100.965989 -3.269794 18.717500 10886.508 7015.710 98.000000 322.406483 7.000000 6.563976
100.906103 -3.191919 18.717500 10886.508 7015.710 98.000000 322.406483 7.000000 1.259510
100.846230 -3.114035 18.717500 10886.508 7015.710 98.000000 322.406483 7.000000 0.000000
100.786368 -3.036142 18.717500 10886.508 7015.710 98.000000 322.406483 7.000000 0.000000
100.726518 -2.958242 18.717500 10886.508 7015.710 98.000000 322.406483 7.000000 0.000000
100.666678 -2.880335 18.717500 10886.508 7015.710 98.000000 322.406483 7.000000 0.000000
100.606850 -2.802419 18.717500 10886.508 7015.710 98.000000 322.406483 7.000000 0.000000
100.547032 -2.724497 18.717500 10886.508 7015.710 98.000000 322.406483 7.000000 0.000000
100.487224 -2.646568 18.717500 10886.508 7015.710 98.000000 322.406483 7.000000 0.000000
100.427426 -2.568632 18.717500 10886.508 7015.710 98.000000 322.406483 7.000000 0.000000
100.367637 -2.490690 18.717500 10886.508 7015.710 98.000000 322.406483 7.000000 0.000000
100.307858 -2.412742 18.717500 10886.508 7015.710 98.000000 322.406483 7.000000 0.000000
100.248087 -2.334788 18.717500 10886.508 7015.710 98.000000 322.406483 7.000000 0.000000
100.188325 -2.256829 18.717500 10886.508 7015.710 98.000000 322.406483 7.000000 0.000000
100.128571 -2.178864 18.717500 10886.508 7015.710 98.000000 322.406483 7.000000 0.000000
100.068825 -2.100894 18.717500 10886.508 7015.710 98.000000 322.406483 7.000000 0.000000
100.009086 -2.022919 18.717500 10886.508 7015.710 98.000000 322.406483 7.000000 0.000000
99.949355 -1.944940 18.717500 10886.508 7015.710 98.000000 322.406483 7.000000 0.000000
99.889630 -1.866956 18.717500 10886.508 7015.710 98.000000 322.406483 7.000000 0.000000
99.829912 -1.788969 18.717500 10886.508 7015.710 98.000000 322.406483 7.000000 0.000000
99.770200 -1.710978 18.717500 10886.508 7015.710 98.000000 322.406483 7.000000 0.000000
99.710493 -1.632983 18.717500 10886.508 7015.710 98.000000 322.406483 7.000000 0.000000
99.650793 -1.554985 18.717500 10886.508 7015.710 98.000000 322.406483 7.000000 0.000000
99.591097 -1.476984 18.717500 10886.508 7015.710 98.000000 322.406483 7.000000 0.000000
101.075464 -3.309170 19.572500 10886.508 7015.710 98.000000 322.406483 7.000000 6.318856
101.015566 -3.231307 19.572500 10886.508 7015.710 98.000000 322.406483 7.000000 5.619823
100.955681 -3.153435 19.572500 10886.508 7015.710 98.000000 322.406483 7.000000 1.458449
100.895807 -3.075554 19.572500 10886.508 7015.710 98.000000 322.406483 7.000000 0.000000
100.835945 -2.997666 19.572500 10886.508 7015.710 98.000000 322.406483 7.000000 0.000000
100.776095 -2.919769 19.572500 10886.508 7015.710 98.000000 322.406483 7.000000 0.000000
100.716256 -2.841864 19.572500 10886.508 7015.710 98.000000 322.406483 7.000000 0.000000
100.656427 -2.763952 19.572500 10886.508 7015.710 98.000000 322.406483 7.000000 0.000000
100.596609 -2.686033 19.572500 10886.508 7015.710 98.000000 322.406483 7.000000 0.000000
100.536801 -2.608107 19.572500 10886.508 7015.710 98.000000 322.406483 7.000000 0.000000
100.477003 -2.530174 19.572500 10886.508 7015.710 98.000000 322.406483 7.000000 0.000000
100.417214 -2.452235 19.572500 10886.508 7015.710 98.000000 322.406483 7.000000 0.000000
100.357435 -2.374290 19.572500 10886.508 7015.710 98.000000 322.406483 7.000000 0.000000
100.297664 -2.296338 19.572500 10886.508 7015.710 98.000000 322.406483 7.000000 0.000000
100.237902 -2.218381 19.572500 10886.508 7015.710 98.000000 322.406483 7.000000 0.000000
100.178147 -2.140419 19.572500 10886.508 7015.710 98.000000 322.406483 7.000000 0.000000
100.118401 -2.062451 19.572500 10886.508 7015.710 98.000000 322.406483 7.000000 0.000000
100.058662 -1.984479 19.572500 10886.508 7015.710 98.000000 322.406483 7.000000 0.000000
99.998930 -1.906502 19.572500 10886.508 7015.710 98.000000 322.406483 7.000000 0.000000
99.939205 -1.828520 19.572500 10886.508 7015.710 98.000000 322.406483 7.000000 0.000000
99.879487 -1.750535 19.572500 10886.508 7015.710 98.000000 322.406483 7.000000 0.000000
99.819774 -1.672545 19.572500 10886.508 7015.710 98.000000 322.406483 7.000000 0.000000
99.760068 -1.594552 19.572500 10886.508 7015.710 98.000000 322.406483 7.000000 0.000000
99.700367 -1.516556 19.572500 10886.508 7015.710 98.000000 322.406483 7.000000 0.000000
99.640671 -1.438556 19.572500 10886.508 7015.710 98.000000 322.406483 7.000000 0.000000
