xyz_c_1	xyz_c_2	xyz_c_3	L	W	strike	dip	slip_strike	slip_dip	traction_strike	traction_dip
1095.78189743198	-49161.0896767545	-309.016994374947	2000	2000	9	18	0	0	-0.135015978992302	1.06192591720266
1408.65082751245	-47185.7129955642	-309.016994374947	2000	2000	9	18	0	0	0.0146311471562845	1.36498588810154
1721.51975759291	-45210.336314374	-309.016994374947	2000	2000	9	18	0	0	-0.0374662308858547	1.75947293542906
2034.38868767337	-43234.9596331837	-309.016994374947	2000	2000	9	18	0	0	-0.0270027047793743	2.3148927998423
2347.25761775383	-41259.5829519934	-309.016994374947	2000	2000	9	18	0	0	0.085708280207816	2.84062542012152
2660.12654783429	-39284.2062708031	-309.016994374947	2000	2000	9	18	0	0	0.317286599139608	3.12660099960706
2972.99547791475	-37308.8295896129	-309.016994374947	2000	2000	9	18	0	0	0.678925402563431	2.550884379537
3285.86440799522	-35333.4529084226	-309.016994374947	2000	2000	9	18	0	0	-0.198124265567075	2.43356917243436
3598.73333807568	-33358.0762272323	-309.016994374947	2000	2000	9	18	0	0	0.261094036161292	3.9662555106284
3911.60226815614	-31382.699546042	-309.016994374947	2000	2000	9	18	0	0	0.634533977368477	4.55192177311455
4224.4711982366	-29407.3228648518	-309.016994374947	2000	2000	9	18	0	0	0.81779965133924	4.83929917930691
4537.34012831706	-27431.9461836615	-309.016994374947	2000	2000	9	18	0	0	0.930819438704279	5.02144844857793
4850.20905839752	-25456.5695024712	-309.016994374947	2000	2000	9	18	0	0	1.00966313329596	5.13105086909552
5163.07798847799	-23481.1928212809	-309.016994374947	2000	2000	9	18	0	0	1.07710620072256	5.13541461215316
5475.94691855845	-21505.8161400907	-309.016994374947	2000	2000	9	18	0	0	1.21677596016528	4.80797516386067
5788.81584863891	-19530.4394589004	-309.016994374947	2000	2000	9	18	0	0	1.11478024864447	3.16511129246717
6101.68477871937	-17555.0627777101	-309.016994374947	2000	2000	9	18	0	0	0.0396480252464876	3.95459807192501
6414.55370879983	-15579.6860965198	-309.016994374947	2000	2000	9	18	0	0	0.742258717870138	5.31024333886508
6727.42263888029	-13604.3094153296	-309.016994374947	2000	2000	9	18	0	0	1.06232307354283	5.76242230017581
7040.29156896076	-11628.9327341393	-309.016994374947	2000	2000	9	18	0	0	1.19807584357299	5.96939361868136
7353.16049904122	-9653.55605294901	-309.016994374947	2000	2000	9	18	0	0	1.27802820433677	6.06333669534206
7666.02942912168	-7678.17937175874	-309.016994374947	2000	2000	9	18	0	0	1.3725332355221	5.97797120613756
7978.89835920214	-5702.80269056846	-309.016994374947	2000	2000	9	18	0	0	1.6527487633519	5.19752071857043
8291.7672892826	-3727.42600937819	-309.016994374947	2000	2000	9	18	0	0	0.636117780767619	3.36535086191564
8604.63621936306	-1752.04932818791	-309.016994374947	2000	2000	9	18	0	0	0.551303222873495	5.38996637953995
8917.50514944353	223.327353002365	-309.016994374947	2000	2000	9	18	0	0	1.23257763247259	6.24652957748233
9230.37407952399	2198.70403419264	-309.016994374947	2000	2000	9	18	0	0	1.52213458721881	6.42543235640553
9543.24300960445	4174.08071538292	-309.016994374947	2000	2000	9	18	0	0	1.66351251825459	6.36808539599499
9856.11193968491	6149.4573965732	-309.016994374947	2000	2000	9	18	0	0	1.73956403635093	6.13428601511781
10168.9808697654	8124.83407776347	-309.016994374947	2000	2000	9	18	0	0	1.80614918944635	5.59479846134064
10481.8497998458	10100.2107589537	-309.016994374947	2000	2000	9	18	0	0	1.87364862462073	3.92228596998809
10794.7187299263	12075.587440144	-309.016994374947	2000	2000	9	18	0	0	0.475667109262619	3.18659370609138
11107.5876600068	14050.9641213343	-309.016994374947	2000	2000	9	18	0	0	0.994356196367113	4.50402657944148
11420.4565900872	16026.3408025246	-309.016994374947	2000	2000	9	18	0	0	1.27649841803549	4.75148179071451
11733.3255201677	18001.7174837148	-309.016994374947	2000	2000	9	18	0	0	1.36241927458797	4.61389567665731
12046.1944502481	19977.0941649051	-309.016994374947	2000	2000	9	18	0	0	1.50287244366238	3.91056868913536
12359.0633803286	21952.4708460954	-309.016994374947	2000	2000	9	18	0	0	0.974994008210378	2.02015237286759
12671.9323104091	23927.8475272857	-309.016994374947	2000	2000	9	18	0	0	0.343885519784041	1.66398575245675
12984.8012404895	25903.2242084759	-309.016994374947	2000	2000	9	18	0	0	0.389604963639418	2.86383918898617
13297.67017057	27878.6008896662	-309.016994374947	2000	2000	9	18	0	0	0.830158462011147	3.31933973933484
13610.5391006505	29853.9775708565	-309.016994374947	2000	2000	9	18	0	0	0.872022982299474	3.42365739619736
13923.4080307309	31829.3542520468	-309.016994374947	2000	2000	9	18	0	0	0.86416944746105	3.52376616933124
14236.2769608114	33804.730933237	-309.016994374947	2000	2000	9	18	0	0	0.949137648096531	3.48580086899138
14549.1458908918	35780.1076144273	-309.016994374947	2000	2000	9	18	0	0	1.0919518441802	3.06586304502628
14862.0148209723	37755.4842956176	-309.016994374947	2000	2000	9	18	0	0	1.10832982577198	2.01857625946727
15174.8837510528	39730.8609768079	-309.016994374947	2000	2000	9	18	0	0	0.316079788200085	1.167649657724
15487.7526811332	41706.2376579982	-309.016994374947	2000	2000	9	18	0	0	0.318476956385506	1.85753094145941
15800.6216112137	43681.6143391884	-309.016994374947	2000	2000	9	18	0	0	0.555333081976887	2.26555377992158
16113.4905412941	45656.9910203787	-309.016994374947	2000	2000	9	18	0	0	0.732651859441384	2.25377141701366
16426.3594713746	47632.367701569	-309.016994374947	2000	2000	9	18	0	0	0.829979690147068	1.8114486809381
3082.01450241468	-49387.6375705284	-957.952682562337	2173.91304347826	2200	9	18	0.0554735748731609	0.19495481160918	-0.5	-1
3422.08942641519	-47240.4890040172	-957.952682562337	2173.91304347826	2200	9	18	0.0664376461526558	0.213245315532162	-0.5	-1
3762.16435041569	-45093.340437506	-957.952682562337	2173.91304347826	2200	9	18	0.078553895151163	0.283567118729289	-0.499999999999999	-1
4102.23927441619	-42946.1918709949	-957.952682562337	2173.91304347826	2200	9	18	0.0979992075190821	0.371296556662732	-0.5	-1
4442.31419841669	-40799.0433044837	-957.952682562337	2173.91304347826	2200	9	18	0.124801377758069	0.441883879488903	-0.5	-1
4782.38912241719	-38651.8947379725	-957.952682562337	2173.91304347826	2200	9	18	0.134106810622528	0.442834813802116	-0.499999999999999	-0.999999999999996
5122.4640464177	-36504.7461714613	-957.952682562337	2173.91304347826	2200	9	18	0	0	1.80848914993259	5.04203233010006
5462.5389704182	-34357.5976049502	-957.952682562337	2173.91304347826	2200	9	18	0.206140545844936	0.534178596501849	-0.499999999999999	-0.999999999999993
5802.6138944187	-32210.449038439	-957.952682562337	2173.91304347826	2200	9	18	0.262587791201771	0.632075041372289	-0.499999999999998	-1
6142.6888184192	-30063.3004719278	-957.952682562337	2173.91304347826	2200	9	18	0.300311793346895	0.670739432479614	-0.500000000000002	-1
6482.7637424197	-27916.1519054167	-957.952682562337	2173.91304347826	2200	9	18	0.325870274449033	0.693633549377859	-0.499999999999999	-1
6822.83866642021	-25769.0033389055	-957.952682562337	2173.91304347826	2200	9	18	0.340712492624611	0.705766264401212	-0.500000000000001	-0.999999999999996
7162.91359042071	-23621.8547723943	-957.952682562337	2173.91304347826	2200	9	18	0.339562168487089	0.700041089809148	-0.499999999999999	-0.999999999999995
7502.98851442121	-21474.7062058832	-957.952682562337	2173.91304347826	2200	9	18	0.295389602236667	0.626724674107973	-0.500000000000002	-1
7843.06343842171	-19327.557639372	-957.952682562337	2173.91304347826	2200	9	18	0	0	3.56188290780459	6.86117537050311
8183.13836242221	-17180.4090728608	-957.952682562337	2173.91304347826	2200	9	18	0.310768570653457	0.665329875937342	-0.499999999999999	-1.00000000000001
8523.21328642272	-15033.2605063497	-957.952682562337	2173.91304347826	2200	9	18	0.36825034247376	0.770253439428543	-0.500000000000001	-0.999999999999996
8863.28821042322	-12886.1119398385	-957.952682562337	2173.91304347826	2200	9	18	0.39796988867235	0.803720192384583	-0.5	-0.999999999999998
9203.36313442372	-10738.9633733273	-957.952682562337	2173.91304347826	2200	9	18	0.411429278356302	0.818999592726816	-0.5	-0.999999999999996
9543.43805842422	-8591.81480681614	-957.952682562337	2173.91304347826	2200	9	18	0.406808304545252	0.813266588751522	-0.499999999999999	-0.999999999999999
9883.51298242472	-6444.66624030498	-957.952682562337	2173.91304347826	2200	9	18	0.353329397648974	0.728188574940503	-0.5	-0.999999999999999
10223.5879064252	-4297.5176737938	-957.952682562337	2173.91304347826	2200	9	18	0	0	4.37209073333945	8.05100888585189
10563.6628304257	-2150.36910728263	-957.952682562337	2173.91304347826	2200	9	18	0.378158824700592	0.759220617535353	-0.500000000000002	-1
10903.7377544262	-3.22054077146979	-957.952682562337	2173.91304347826	2200	9	18	0.452067649985744	0.862613841530482	-0.499999999999995	-1
11243.8126784267	2143.92802573971	-957.952682562337	2173.91304347826	2200	9	18	0.489707232726672	0.874063706858655	-0.500000000000001	-0.999999999999993
11583.8876024272	4291.07659225087	-957.952682562337	2173.91304347826	2200	9	18	0.503611288233991	0.855788326297443	-0.500000000000008	-0.999999999999997
11923.9625264277	6438.22515876204	-957.952682562337	2173.91304347826	2200	9	18	0.490412033878971	0.807086420093754	-0.499999999999997	-0.999999999999995
12264.0374504282	8585.37372527321	-957.952682562337	2173.91304347826	2200	9	18	0.415892490797435	0.680117179429066	-0.500000000000002	-1
12604.1123744287	10732.5222917844	-957.952682562337	2173.91304347826	2200	9	18	0	0	4.84825886366023	6.77336647902188
12944.1872984292	12879.6708582955	-957.952682562337	2173.91304347826	2200	9	18	0.370480157613942	0.595376864716559	-0.5	-1
13284.2622224297	15026.8194248067	-957.952682562337	2173.91304347826	2200	9	18	0.4011039322274	0.651108579077328	-0.499999999999999	-1
13624.3371464302	17173.9679913179	-957.952682562337	2173.91304347826	2200	9	18	0.389219844974053	0.636680587367032	-0.500000000000002	-0.999999999999992
13964.4120704307	19321.1165578291	-957.952682562337	2173.91304347826	2200	9	18	0.325626934883979	0.547717676827653	-0.500000000000001	-1
14304.4869944312	21468.2651243402	-957.952682562337	2173.91304347826	2200	9	18	0	0	3.11662749295378	4.60677820266783
14644.5619184317	23615.4136908514	-957.952682562337	2173.91304347826	2200	9	18	0	0	2.83665831652882	4.12885925324416
14984.6368424323	25762.5622573626	-957.952682562337	2173.91304347826	2200	9	18	0.264077905957065	0.440462972679689	-0.500000000000001	-0.999999999999999
15324.7117664328	27909.7108238737	-957.952682562337	2173.91304347826	2200	9	18	0.286930037516797	0.467999016868214	-0.499999999999999	-1
15664.7866904333	30056.8593903849	-957.952682562337	2173.91304347826	2200	9	18	0.2796784480152	0.480134468242254	-0.5	-1
16004.8616144338	32204.0079568961	-957.952682562337	2173.91304347826	2200	9	18	0.274096731461613	0.498084076376853	-0.499999999999999	-1
16344.9365384343	34351.1565234072	-957.952682562337	2173.91304347826	2200	9	18	0.265616219955447	0.475492297533584	-0.5	-0.999999999999999
16685.0114624348	36498.3050899184	-957.952682562337	2173.91304347826	2200	9	18	0.213096227473842	0.352628796483944	-0.5	-1
17025.0863864353	38645.4536564296	-957.952682562337	2173.91304347826	2200	9	18	0	0	1.75457381920419	2.11757490801183
17365.1613104358	40792.6022229408	-957.952682562337	2173.91304347826	2200	9	18	0.147275252805192	0.253484525083106	-0.500000000000001	-1
17705.2362344363	42939.7507894519	-957.952682562337	2173.91304347826	2200	9	18	0.190285595617777	0.340847065721123	-0.500000000000002	-0.999999999999997
18045.3111584368	45086.8993559631	-957.952682562337	2173.91304347826	2200	9	18	0.206597034609423	0.341332097984597	-0.499999999999999	-0.999999999999999
18385.3860824373	47234.0479224743	-957.952682562337	2173.91304347826	2200	9	18	0.175508905295436	0.269906482428241	-0.499999999999999	-1
5268.10111523966	-49629.0696207722	-1671.78193956847	2380.95238095238	2420	9	18	0.0601864574742205	0.223786581752248	-0.5	-1
5640.56412724021	-47277.4307145933	-1671.78193956847	2380.95238095238	2420	9	18	0	0	0.614986045176453	2.32388855278745
6013.02713924076	-44925.7918084144	-1671.78193956847	2380.95238095238	2420	9	18	0.109344215491019	0.313031772081613	-0.499999999999999	-1
6385.49015124131	-42574.1529022355	-1671.78193956847	2380.95238095238	2420	9	18	0.164831296926587	0.499597178710664	-0.500000000000001	-0.999999999999997
6757.95316324186	-40222.5139960566	-1671.78193956847	2380.95238095238	2420	9	18	0.218795810267139	0.628355421642225	-0.499999999999999	-1
7130.41617524241	-37870.8750898777	-1671.78193956847	2380.95238095238	2420	9	18	0.260686853481709	0.662261452141811	-0.5	-0.999999999999995
7502.87918724296	-35519.2361836988	-1671.78193956847	2380.95238095238	2420	9	18	0.32847761362682	0.74446508975182	-0.5	-1
7875.34219924351	-33167.5972775199	-1671.78193956847	2380.95238095238	2420	9	18	0.379464098879452	0.850326137088521	-0.500000000000001	-1
8247.80521124405	-30815.958371341	-1671.78193956847	2380.95238095238	2420	9	18	0.417541275233457	0.909654281028455	-0.499999999999998	-1
8620.2682232446	-28464.3194651621	-1671.78193956847	2380.95238095238	2420	9	18	0.447420567912265	0.945286150491794	-0.500000000000002	-0.999999999999999
8992.73123524516	-26112.6805589832	-1671.78193956847	2380.95238095238	2420	9	18	0.467269752655811	0.963708141201279	-0.5	-0.999999999999992
9365.1942472457	-23761.0416528043	-1671.78193956847	2380.95238095238	2420	9	18	0.473990003532032	0.959366751221905	-0.500000000000001	-1
9737.65725924625	-21409.4027466254	-1671.78193956847	2380.95238095238	2420	9	18	0.46975261869117	0.918388784232861	-0.499999999999999	-1
10110.1202712468	-19057.7638404465	-1671.78193956847	2380.95238095238	2420	9	18	0.493477418896113	0.902253556439471	-0.5	-1
10482.5832832474	-16706.1249342676	-1671.78193956847	2380.95238095238	2420	9	18	0.534428615118813	1.02208794222282	-0.500000000000001	-0.999999999999993
10855.0462952479	-14354.4860280887	-1671.78193956847	2380.95238095238	2420	9	18	0.55752867331212	1.08631012505643	-0.5	-1
11227.5093072485	-12002.8471219098	-1671.78193956847	2380.95238095238	2420	9	18	0.57263871852706	1.11909818709814	-0.500000000000002	-0.999999999999989
11599.972319249	-9651.20821573091	-1671.78193956847	2380.95238095238	2420	9	18	0.578025574498334	1.12891569758388	-0.499999999999999	-0.999999999999988
11972.4353312496	-7299.56930955201	-1671.78193956847	2380.95238095238	2420	9	18	0.572566727297444	1.10064555984387	-0.500000000000003	-1.00000000000001
12344.8983432501	-4947.93040337311	-1671.78193956847	2380.95238095238	2420	9	18	0.572667851793239	1.02849452021462	-0.499999999999998	-1
12717.3613552507	-2596.29149719421	-1671.78193956847	2380.95238095238	2420	9	18	0.630866236846493	1.13635149933243	-0.499999999999998	-0.999999999999993
13089.8243672512	-244.652591015322	-1671.78193956847	2380.95238095238	2420	9	18	0.664503705928739	1.20311283130782	-0.499999999999997	-1
13462.2873792518	2106.98631516358	-1671.78193956847	2380.95238095238	2420	9	18	0.681139786420355	1.20560580200878	-0.499999999999999	-0.999999999999995
13834.7503912523	4458.62522134248	-1671.78193956847	2380.95238095238	2420	9	18	0.678959177473067	1.16561768876037	-0.500000000000001	-1.00000000000001
14207.2134032529	6810.26412752138	-1671.78193956847	2380.95238095238	2420	9	18	0.651448579469248	1.07725609964119	-0.5	-0.999999999999995
14579.6764152534	9161.90303370028	-1671.78193956847	2380.95238095238	2420	9	18	0.5984758996563	0.924775939397974	-0.500000000000003	-1
14952.1394272539	11513.5419398792	-1671.78193956847	2380.95238095238	2420	9	18	0.581935414954909	0.84144959271141	-0.5	-1
15324.6024392545	13865.1808460581	-1671.78193956847	2380.95238095238	2420	9	18	0.565509416358575	0.858816742125667	-0.500000000000004	-0.999999999999998
15697.065451255	16216.819752237	-1671.78193956847	2380.95238095238	2420	9	18	0.538035302631804	0.861376433585233	-0.500000000000002	-1.00000000000001
16069.5284632556	18568.4586584159	-1671.78193956847	2380.95238095238	2420	9	18	0.494272355345636	0.80294956462976	-0.500000000000001	-0.999999999999998
16441.9914752561	20920.0975645948	-1671.78193956847	2380.95238095238	2420	9	18	0.436299694712395	0.659809089775667	-0.500000000000002	-0.999999999999999
16814.4544872567	23271.7364707737	-1671.78193956847	2380.95238095238	2420	9	18	0.410280972721257	0.586558005356681	-0.499999999999996	-0.999999999999996
17186.9174992572	25623.3753769526	-1671.78193956847	2380.95238095238	2420	9	18	0.389179349515932	0.599107579543597	-0.499999999999999	-1
17559.3805112578	27975.0142831315	-1671.78193956847	2380.95238095238	2420	9	18	0.343665105964461	0.53055169606317	-0.499999999999998	-1.00000000000001
17931.8435232583	30326.6531893104	-1671.78193956847	2380.95238095238	2420	9	18	0.33963761726051	0.599934835579152	-0.5	-1
18304.3065352589	32678.2920954893	-1671.78193956847	2380.95238095238	2420	9	18	0.339049368097164	0.654329632145151	-0.500000000000004	-0.999999999999998
18676.7695472594	35029.9310016682	-1671.78193956847	2380.95238095238	2420	9	18	0.275090619611347	0.562581118971902	-0.499999999999998	-1
19049.23255926	37381.5699078471	-1671.78193956847	2380.95238095238	2420	9	18	0	0	2.24517952246613	3.92845338554717
19421.6955712605	39733.208814026	-1671.78193956847	2380.95238095238	2420	9	18	0	0	2.15982293197886	2.87413094013055
19794.1585832611	42084.8477202049	-1671.78193956847	2380.95238095238	2420	9	18	0.24140118444669	0.405480589623398	-0.499999999999998	-0.999999999999998
20166.6215952616	44436.4866263838	-1671.78193956847	2380.95238095238	2420	9	18	0.252764336067093	0.427628847194996	-0.500000000000001	-0.999999999999998
20539.0846072622	46788.1255325627	-1671.78193956847	2380.95238095238	2420	9	18	0.192526444050266	0.333249069856063	-0.500000000000001	-1
7674.58625736818	-49883.3440941114	-2456.99412227521	2631.57894736842	2662	9	18	0.0790009786149416	0.26589485548906	-0.5	-0.999999999999998
8086.2559022109	-47284.16425044	-2456.99412227521	2631.57894736842	2662	9	18	0	0	0.880855914593635	2.98213588373743
8497.92554705361	-44684.9844067686	-2456.99412227521	2631.57894736842	2662	9	18	0	0	1.77411015808586	4.74631897162644
8909.59519189632	-42085.8045630972	-2456.99412227521	2631.57894736842	2662	9	18	0.248418405397329	0.635695501671054	-0.5	-1.00000000000001
9321.26483673904	-39486.6247194258	-2456.99412227521	2631.57894736842	2662	9	18	0.32760324544772	0.792805183594881	-0.499999999999999	-1
9732.93448158175	-36887.4448757543	-2456.99412227521	2631.57894736842	2662	9	18	0.387344699084782	0.882037909859163	-0.500000000000001	-1
10144.6041264245	-34288.2650320829	-2456.99412227521	2631.57894736842	2662	9	18	0.438000902458755	0.965956195306873	-0.5	-1.00000000000001
10556.2737712672	-31689.0851884115	-2456.99412227521	2631.57894736842	2662	9	18	0.477329925723401	1.03501729438866	-0.499999999999998	-0.999999999999999
10967.9434161099	-29089.9053447401	-2456.99412227521	2631.57894736842	2662	9	18	0.510194436111532	1.08338389256054	-0.500000000000001	-1
11379.6130609526	-26490.7255010687	-2456.99412227521	2631.57894736842	2662	9	18	0.537296826160633	1.11231721372318	-0.5	-0.999999999999996
11791.2827057953	-23891.5456573973	-2456.99412227521	2631.57894736842	2662	9	18	0.559900257749626	1.1231458967661	-0.499999999999999	-1
12202.952350638	-21292.3658137259	-2456.99412227521	2631.57894736842	2662	9	18	0.585701907767193	1.12945608855458	-0.500000000000001	-0.999999999999995
12614.6219954807	-18693.1859700544	-2456.99412227521	2631.57894736842	2662	9	18	0.618374862789552	1.16592871459407	-0.499999999999997	-0.999999999999998
13026.2916403235	-16094.006126383	-2456.99412227521	2631.57894736842	2662	9	18	0.64375238981919	1.22929788754627	-0.500000000000001	-0.999999999999997
13437.9612851662	-13494.8262827116	-2456.99412227521	2631.57894736842	2662	9	18	0.662068151821346	1.28172306350294	-0.500000000000003	-0.999999999999994
13849.6309300089	-10895.6464390402	-2456.99412227521	2631.57894736842	2662	9	18	0.678045545161855	1.31728988421209	-0.500000000000001	-0.999999999999998
14261.3005748516	-8296.46659536878	-2456.99412227521	2631.57894736842	2662	9	18	0.695702516339052	1.33364374508854	-0.499999999999999	-1
14672.9702196943	-5697.28675169736	-2456.99412227521	2631.57894736842	2662	9	18	0.722948895106285	1.34303980032371	-0.499999999999999	-0.999999999999994
15084.639864537	-3098.10690802595	-2456.99412227521	2631.57894736842	2662	9	18	0.756680848400724	1.38338174476652	-0.500000000000004	-1
15496.3095093797	-498.92706435453	-2456.99412227521	2631.57894736842	2662	9	18	0.77596074404157	1.41327184636572	-0.499999999999999	-1
15907.9791542224	2100.25277931689	-2456.99412227521	2631.57894736842	2662	9	18	0.778287247934606	1.4009168672718	-0.5	-1
16319.6487990652	4699.4326229883	-2456.99412227521	2631.57894736842	2662	9	18	0.760937417563364	1.34113731977584	-0.500000000000005	-1
16731.3184439079	7298.61246665972	-2456.99412227521	2631.57894736842	2662	9	18	0.718773283330123	1.22581785455791	-0.499999999999993	-0.999999999999996
17142.9880887506	9897.79231033113	-2456.99412227521	2631.57894736842	2662	9	18	0.654910527286601	1.04777622319571	-0.500000000000001	-0.999999999999997
17554.6577335933	12496.9721540025	-2456.99412227521	2631.57894736842	2662	9	18	0.584719444131916	0.838122156617167	-0.499999999999996	-1
17966.327378436	15096.151997674	-2456.99412227521	2631.57894736842	2662	9	18	0.590950497601339	0.942380881598952	-0.500000000000001	-0.999999999999991
18377.9970232787	17695.3318413454	-2456.99412227521	2631.57894736842	2662	9	18	0.577563364826579	0.956682920019491	-0.499999999999998	-0.999999999999997
18789.6666681214	20294.5116850168	-2456.99412227521	2631.57894736842	2662	9	18	0.522916692014802	0.853474700228074	-0.500000000000001	-0.999999999999998
19201.3363129641	22893.6915286882	-2456.99412227521	2631.57894736842	2662	9	18	0.445681400225707	0.655801802268287	-0.500000000000002	-1
19613.0059578069	25492.8713723596	-2456.99412227521	2631.57894736842	2662	9	18	0.345854085628317	0.577726481430004	-0.500000000000001	-0.999999999999999
20024.6756026496	28092.051216031	-2456.99412227521	2631.57894736842	2662	9	18	0	0	4.19870055949388	6.74206662057543
20436.3452474923	30691.2310597024	-2456.99412227521	2631.57894736842	2662	9	18	0.360741863766641	0.67637754100251	-0.5	-0.999999999999999
20848.014892335	33290.4109033739	-2456.99412227521	2631.57894736842	2662	9	18	0.383771580816557	0.744923690959039	-0.5	-0.999999999999999
21259.6845371777	35889.5907470453	-2456.99412227521	2631.57894736842	2662	9	18	0.296018430699316	0.59733571525483	-0.500000000000002	-1
21671.3541820204	38488.7705907167	-2456.99412227521	2631.57894736842	2662	9	18	0	0	3.10380396415894	4.92115002187223
22083.0238268631	41087.9504343881	-2456.99412227521	2631.57894736842	2662	9	18	0.267065358172497	0.441257264564694	-0.500000000000002	-0.999999999999997
22494.6934717058	43687.1302780595	-2456.99412227521	2631.57894736842	2662	9	18	0.25347731749651	0.398551078851177	-0.500000000000002	-0.999999999999998
22906.3631165486	46286.310121731	-2456.99412227521	2631.57894736842	2662	9	18	0.19329937620293	0.34328271297454	-0.499999999999998	-0.999999999999997
10317.7992504253	-50187.8001085338	-3320.72752325262	2857.14285714286	2928.2	9	18	0.138572432722584	0.350972231080853	-0.5	-1
10764.754864826	-47365.8334211191	-3320.72752325262	2857.14285714286	2928.2	9	18	0.203536712179774	0.460744190296446	-0.5	-1
11211.7104792267	-44543.8667337045	-3320.72752325262	2857.14285714286	2928.2	9	18	0.280914482877064	0.603269230731015	-0.500000000000001	-1
11658.6660936273	-41721.9000462898	-3320.72752325262	2857.14285714286	2928.2	9	18	0.350814692862419	0.793844637547431	-0.499999999999999	-1
12105.621708028	-38899.9333588751	-3320.72752325262	2857.14285714286	2928.2	9	18	0.404669679776494	0.909309706240447	-0.500000000000002	-1
12552.5773224286	-36077.9666714604	-3320.72752325262	2857.14285714286	2928.2	9	18	0.451229116605728	0.994868978271899	-0.499999999999999	-1
12999.5329368293	-33255.9999840457	-3320.72752325262	2857.14285714286	2928.2	9	18	0.49220195173113	1.07318972183505	-0.5	-1.00000000000001
13446.48855123	-30434.0332966311	-3320.72752325262	2857.14285714286	2928.2	9	18	0.529307724917881	1.14057671895843	-0.499999999999997	-1
13893.4441656306	-27612.0666092164	-3320.72752325262	2857.14285714286	2928.2	9	18	0.563189442997556	1.18780290725243	-0.499999999999997	-1
14340.3997800313	-24790.0999218017	-3320.72752325262	2857.14285714286	2928.2	9	18	0.59421978157225	1.21382474747587	-0.499999999999999	-1
14787.3553944319	-21968.133234387	-3320.72752325262	2857.14285714286	2928.2	9	18	0.625644254315598	1.23542198128813	-0.5	-0.999999999999999
15234.3110088326	-19146.1665469723	-3320.72752325262	2857.14285714286	2928.2	9	18	0.658593358783649	1.27484400722055	-0.499999999999997	-1
15681.2666232333	-16324.1998595577	-3320.72752325262	2857.14285714286	2928.2	9	18	0.6883112837165	1.32846201615944	-0.500000000000001	-0.999999999999993
16128.2222376339	-13502.233172143	-3320.72752325262	2857.14285714286	2928.2	9	18	0.714987387887554	1.39063922849847	-0.499999999999998	-0.999999999999989
16575.1778520346	-10680.2664847283	-3320.72752325262	2857.14285714286	2928.2	9	18	0.742832934598541	1.44868819575574	-0.499999999999998	-1
17022.1334664352	-7858.29979731362	-3320.72752325262	2857.14285714286	2928.2	9	18	0.773846482700989	1.49422725731614	-0.499999999999999	-1.00000000000001
17469.0890808359	-5036.33310989894	-3320.72752325262	2857.14285714286	2928.2	9	18	0.805578655239861	1.53051473440374	-0.500000000000004	-0.999999999999994
17916.0446952366	-2214.36642248427	-3320.72752325262	2857.14285714286	2928.2	9	18	0.827700029002377	1.55506518826452	-0.499999999999997	-0.999999999999998
18363.0003096372	607.600264930412	-3320.72752325262	2857.14285714286	2928.2	9	18	0.832314601097761	1.54926215333144	-0.499999999999998	-1.00000000000001
18809.9559240379	3429.56695234509	-3320.72752325262	2857.14285714286	2928.2	9	18	0.814900944477567	1.49878311534849	-0.5	-0.999999999999995
19256.9115384385	6251.53363975977	-3320.72752325262	2857.14285714286	2928.2	9	18	0.761749351863907	1.38961334380458	-0.499999999999999	-0.999999999999998
19703.8671528392	9073.50032717446	-3320.72752325262	2857.14285714286	2928.2	9	18	0.618024466905421	1.1611341068026	-0.5	-0.999999999999996
20150.8227672399	11895.4670145891	-3320.72752325262	2857.14285714286	2928.2	9	18	0	0	6.73556414714203	10.8906735690869
20597.7783816405	14717.4337020038	-3320.72752325262	2857.14285714286	2928.2	9	18	0.567840709112635	0.993861949647679	-0.499999999999999	-1
21044.7339960412	17539.4003894185	-3320.72752325262	2857.14285714286	2928.2	9	18	0.604799487640196	1.04857931946523	-0.500000000000004	-1.00000000000001
21491.6896104418	20361.3670768332	-3320.72752325262	2857.14285714286	2928.2	9	18	0.489055792270084	0.902029057778933	-0.500000000000001	-1.00000000000001
21938.6452248425	23183.3337642478	-3320.72752325262	2857.14285714286	2928.2	9	18	0	0	4.75860814380036	7.80129825208141
22385.6008392432	26005.3004516625	-3320.72752325262	2857.14285714286	2928.2	9	18	0.352509625262168	0.562597528004837	-0.500000000000005	-0.999999999999998
22832.5564536438	28827.2671390772	-3320.72752325262	2857.14285714286	2928.2	9	18	0.409620361666503	0.650153875052559	-0.499999999999997	-1
23279.5120680445	31649.2338264919	-3320.72752325262	2857.14285714286	2928.2	9	18	0.467695593757169	0.832499269491811	-0.5	-1
23726.4676824451	34471.2005139066	-3320.72752325262	2857.14285714286	2928.2	9	18	0.45088383805597	0.824922743835903	-0.500000000000001	-1
24173.4232968458	37293.1672013213	-3320.72752325262	2857.14285714286	2928.2	9	18	0.387137523674777	0.677343627993347	-0.499999999999999	-1
24620.3789112465	40115.1338887359	-3320.72752325262	2857.14285714286	2928.2	9	18	0.313680042585945	0.54925042397203	-0.500000000000001	-0.999999999999999
25067.3345256471	42937.1005761506	-3320.72752325262	2857.14285714286	2928.2	9	18	0	0	2.48413323384578	3.64757163681664
25514.2901400478	45759.0672635653	-3320.72752325262	2857.14285714286	2928.2	9	18	0.167387101580587	0.327742149295631	-0.499999999999997	-1
13226.8773039564	-50512.9547999847	-4270.83426432778	3125	3221.02	9	18	0.184029834105396	0.414614417253399	-0.499999999999999	-0.999999999999998
13715.7350072071	-47426.4287356249	-4270.83426432778	3125	3221.02	9	18	0.27314988000542	0.611420928844423	-0.500000000000001	-0.999999999999994
14204.5927104578	-44339.9026712651	-4270.83426432778	3125	3221.02	9	18	0.341934269953716	0.760632890479836	-0.5	-1
14693.4504137085	-41253.3766069053	-4270.83426432778	3125	3221.02	9	18	0.394055443413088	0.863233787881301	-0.500000000000001	-0.999999999999996
15182.3081169593	-38166.8505425455	-4270.83426432778	3125	3221.02	9	18	0.432722735737558	0.932832777922869	-0.5	-1.00000000000001
15671.16582021	-35080.3244781857	-4270.83426432778	3125	3221.02	9	18	0.468543164424888	1.01364900221836	-0.499999999999998	-0.999999999999997
16160.0235234607	-31993.7984138259	-4270.83426432778	3125	3221.02	9	18	0.509817678975852	1.11324183524234	-0.500000000000004	-0.999999999999997
16648.8812267114	-28907.272349466	-4270.83426432778	3125	3221.02	9	18	0.553303943031264	1.19400408111131	-0.500000000000003	-0.999999999999996
17137.7389299622	-25820.7462851062	-4270.83426432778	3125	3221.02	9	18	0.588269814337826	1.22329101577468	-0.499999999999999	-1
17626.5966332129	-22734.2202207464	-4270.83426432778	3125	3221.02	9	18	0.616234764340312	1.23405259156286	-0.500000000000003	-0.99999999999999
18115.4543364636	-19647.6941563866	-4270.83426432778	3125	3221.02	9	18	0.652548407033699	1.28392404518857	-0.499999999999999	-0.999999999999987
18604.3120397143	-16561.1680920268	-4270.83426432778	3125	3221.02	9	18	0.691028932151516	1.33108570748598	-0.499999999999998	-1.00000000000001
19093.169742965	-13474.642027667	-4270.83426432778	3125	3221.02	9	18	0.730420841993909	1.42881856796964	-0.5	-0.999999999999996
19582.0274462158	-10388.1159633072	-4270.83426432778	3125	3221.02	9	18	0.777412635085364	1.53326251112296	-0.499999999999999	-1.00000000000001
20070.8851494665	-7301.58989894741	-4270.83426432778	3125	3221.02	9	18	0.820228790207718	1.60915357205751	-0.499999999999998	-0.999999999999989
20559.7428527172	-4215.06383458761	-4270.83426432778	3125	3221.02	9	18	0.850029334754371	1.65123237814322	-0.500000000000005	-1.00000000000001
21048.6005559679	-1128.5377702278	-4270.83426432778	3125	3221.02	9	18	0.862026719171798	1.65710688812657	-0.499999999999998	-0.999999999999995
21537.4582592186	1957.98829413201	-4270.83426432778	3125	3221.02	9	18	0.852860348776225	1.61907748424861	-0.499999999999998	-1.00000000000001
22026.3159624694	5044.51435849181	-4270.83426432778	3125	3221.02	9	18	0.817532258445855	1.52731753344388	-0.500000000000002	-1
22515.1736657201	8131.04042285162	-4270.83426432778	3125	3221.02	9	18	0.747779546149565	1.36005786733609	-0.500000000000001	-1
23004.0313689708	11217.5664872114	-4270.83426432778	3125	3221.02	9	18	0.689668735522001	1.11896245338133	-0.500000000000005	-1
23492.8890722215	14304.0925515712	-4270.83426432778	3125	3221.02	9	18	0.700553359595178	1.15676568479979	-0.5	-1
23981.7467754723	17390.618615931	-4270.83426432778	3125	3221.02	9	18	0.663039928618484	1.13525475057214	-0.500000000000001	-0.999999999999999
24470.604478723	20477.1446802908	-4270.83426432778	3125	3221.02	9	18	0.570592802062899	1.00291389075039	-0.499999999999998	-1
24959.4621819737	23563.6707446506	-4270.83426432778	3125	3221.02	9	18	0.464468332056258	0.799544452660042	-0.499999999999999	-0.999999999999994
25448.3198852244	26650.1968090104	-4270.83426432778	3125	3221.02	9	18	0	0	4.89801834149759	7.82509056309023
25937.1775884751	29736.7228733703	-4270.83426432778	3125	3221.02	9	18	0.486300560200483	0.872233223636184	-0.500000000000001	-1
26426.0352917259	32823.2489377301	-4270.83426432778	3125	3221.02	9	18	0.543315798375767	0.958632622237731	-0.499999999999996	-1
26914.8929949766	35909.7750020899	-4270.83426432778	3125	3221.02	9	18	0.500396463635858	0.892982148412214	-0.499999999999998	-1.00000000000001
27403.7506982273	38996.3010664497	-4270.83426432778	3125	3221.02	9	18	0.381855156001409	0.715608057751879	-0.500000000000003	-1.00000000000001
27892.608401478	42082.8271308095	-4270.83426432778	3125	3221.02	9	18	0	0	2.81540627142937	4.49105318288607
28381.4661047288	45169.3531951693	-4270.83426432778	3125	3221.02	9	18	0.197984723114365	0.380726091629938	-0.500000000000002	-0.999999999999999
16429.1027572446	-50856.4847180198	-5315.95167951045	3448.27586206897	3543.122	9	18	0.192098005828471	0.396144817118138	-0.500000000000001	-0.999999999999999
16968.5319470385	-47450.6628538986	-5315.95167951045	3448.27586206897	3543.122	9	18	0.283996215927517	0.6584524379838	-0.499999999999997	-1
17507.9611368324	-44044.8409897775	-5315.95167951045	3448.27586206897	3543.122	9	18	0.350921762984008	0.800727130976145	-0.500000000000003	-0.999999999999999
18047.3903266263	-40639.0191256563	-5315.95167951045	3448.27586206897	3543.122	9	18	0.381157638013388	0.779123974424475	-0.499999999999996	-0.999999999999994
18586.8195164202	-37233.1972615351	-5315.95167951045	3448.27586206897	3543.122	9	18	0.384597534663012	0.776300505375078	-0.499999999999998	-0.999999999999997
19126.2487062141	-33827.375397414	-5315.95167951045	3448.27586206897	3543.122	9	18	0.420729859282809	0.930045939424632	-0.500000000000002	-0.999999999999997
19665.677896008	-30421.5535332928	-5315.95167951045	3448.27586206897	3543.122	9	18	0.502412214688418	1.13611345239549	-0.500000000000003	-0.999999999999999
20205.1070858019	-27015.7316691716	-5315.95167951045	3448.27586206897	3543.122	9	18	0.546661678229163	1.15673791605751	-0.5	-0.999999999999996
20744.5362755958	-23609.9098050505	-5315.95167951045	3448.27586206897	3543.122	9	18	0.535959061975198	1.05298183550959	-0.500000000000002	-0.999999999999998
21283.9654653897	-20204.0879409293	-5315.95167951045	3448.27586206897	3543.122	9	18	0.584762405261323	1.19230818894502	-0.499999999999995	-0.999999999999995
21823.3946551836	-16798.2660768081	-5315.95167951045	3448.27586206897	3543.122	9	18	0.625854800175657	1.14799060118591	-0.499999999999997	-1.00000000000001
22362.8238449775	-13392.444212687	-5315.95167951045	3448.27586206897	3543.122	9	18	0.69071202372661	1.39239564339097	-0.5	-0.999999999999986
22902.2530347714	-9986.62234856581	-5315.95167951045	3448.27586206897	3543.122	9	18	0.792824090006893	1.59444344368383	-0.5	-1.00000000000001
23441.6822245653	-6580.80048444464	-5315.95167951045	3448.27586206897	3543.122	9	18	0.85046033897635	1.69347661657212	-0.5	-1.00000000000001
23981.1114143592	-3174.97862032347	-5315.95167951045	3448.27586206897	3543.122	9	18	0.875084488272938	1.72786909168094	-0.499999999999997	-0.999999999999996
24520.5406041531	230.843243797687	-5315.95167951045	3448.27586206897	3543.122	9	18	0.874950276766349	1.70823792350116	-0.500000000000005	-1.00000000000001
25059.969793947	3636.66510791885	-5315.95167951045	3448.27586206897	3543.122	9	18	0.853125041015577	1.63379180523724	-0.499999999999998	-0.999999999999993
25599.3989837409	7042.48697204002	-5315.95167951045	3448.27586206897	3543.122	9	18	0.814605239152603	1.50398327333191	-0.499999999999997	-0.999999999999996
26138.8281735348	10448.3088361612	-5315.95167951045	3448.27586206897	3543.122	9	18	0.776259392182953	1.34424596728861	-0.499999999999998	-0.999999999999996
26678.2573633287	13854.1307002824	-5315.95167951045	3448.27586206897	3543.122	9	18	0.742924457829882	1.23534240023149	-0.500000000000001	-1
27217.6865531226	17259.9525644035	-5315.95167951045	3448.27586206897	3543.122	9	18	0.699767816811809	1.17751709188513	-0.499999999999997	-0.999999999999997
27757.1157429165	20665.7744285247	-5315.95167951045	3448.27586206897	3543.122	9	18	0.655269206621818	1.12199294312467	-0.499999999999999	-0.999999999999998
28296.5449327104	24071.5962926458	-5315.95167951045	3448.27586206897	3543.122	9	18	0.611201326459578	1.01816745449692	-0.499999999999997	-1
28835.9741225043	27477.418156767	-5315.95167951045	3448.27586206897	3543.122	9	18	0.632591723270138	0.999285310222035	-0.499999999999998	-0.999999999999997
29375.4033122982	30883.2400208882	-5315.95167951045	3448.27586206897	3543.122	9	18	0.634044142286709	1.06959457914716	-0.499999999999999	-1.00000000000001
29914.8325020921	34289.0618850093	-5315.95167951045	3448.27586206897	3543.122	9	18	0.59296717213196	1.0286760342329	-0.500000000000003	-0.999999999999998
30454.261691886	37694.8837491305	-5315.95167951045	3448.27586206897	3543.122	9	18	0.508336585343084	0.894675458883355	-0.499999999999998	-0.999999999999998
30993.6908816799	41100.7056132517	-5315.95167951045	3448.27586206897	3543.122	9	18	0.399383795122938	0.665490118092157	-0.500000000000002	-0.999999999999997
31533.1200714738	44506.5274773728	-5315.95167951045	3448.27586206897	3543.122	9	18	0.286911205795829	0.498924600077185	-0.499999999999998	-0.999999999999998
19954.8573530587	-51213.4905947971	-6465.58083621139	3846.15384615385	3897.4342	9	18	0	0	1.35118918553849	3.17362478950769
20556.5283724442	-47414.6892848158	-6465.58083621139	3846.15384615385	3897.4342	9	18	0.280424003817886	0.700716590978655	-0.499999999999998	-0.999999999999998
21158.1993918297	-43615.8879748345	-6465.58083621139	3846.15384615385	3897.4342	9	18	0.304661720865465	0.782812907900961	-0.5	-1.00000000000001
21759.8704112152	-39817.0866648532	-6465.58083621139	3846.15384615385	3897.4342	9	18	0	0	2.27349223774831	5.57707946427825
22361.5414306007	-36018.2853548719	-6465.58083621139	3846.15384615385	3897.4342	9	18	0	0	2.66074077346801	6.3372954447588
22963.2124499862	-32219.4840448906	-6465.58083621139	3846.15384615385	3897.4342	9	18	0.422026070719427	1.04116339611815	-0.500000000000001	-1
23564.8834693717	-28420.6827349093	-6465.58083621139	3846.15384615385	3897.4342	9	18	0.453149765502707	1.12700037537739	-0.499999999999998	-0.999999999999995
24166.5544887572	-24621.881424928	-6465.58083621139	3846.15384615385	3897.4342	9	18	0	0	4.06660143906121	9.17246148423561
24768.2255081427	-20823.0801149467	-6465.58083621139	3846.15384615385	3897.4342	9	18	0.45178576576085	1.11785319196431	-0.499999999999998	-1.00000000000001
25369.8965275282	-17024.2788049654	-6465.58083621139	3846.15384615385	3897.4342	9	18	0	0	5.00646539757617	10.2110003348091
25971.5675469137	-13225.4774949841	-6465.58083621139	3846.15384615385	3897.4342	9	18	0.676927774370364	1.43517249067282	-0.500000000000006	-0.999999999999999
26573.2385662992	-9426.67618500279	-6465.58083621139	3846.15384615385	3897.4342	9	18	0.826714250487334	1.6706395575398	-0.5	-0.999999999999999
27174.9095856847	-5627.87487502148	-6465.58083621139	3846.15384615385	3897.4342	9	18	0.875896496838513	1.7566180518633	-0.500000000000001	-1.00000000000001
27776.5806050702	-1829.07356504018	-6465.58083621139	3846.15384615385	3897.4342	9	18	0.883506378530821	1.76636498533553	-0.500000000000001	-1
28378.2516244557	1969.72774494112	-6465.58083621139	3846.15384615385	3897.4342	9	18	0.863912282385471	1.70777953452441	-0.500000000000001	-0.999999999999994
28979.9226438412	5768.52905492242	-6465.58083621139	3846.15384615385	3897.4342	9	18	0.823284854865801	1.57709905784757	-0.499999999999998	-0.999999999999995
29581.5936632267	9567.33036490372	-6465.58083621139	3846.15384615385	3897.4342	9	18	0.768086820192437	1.37261554896681	-0.499999999999998	-1
30183.2646826122	13366.131674885	-6465.58083621139	3846.15384615385	3897.4342	9	18	0.700027280354765	1.12002396743822	-0.500000000000003	-1
30784.9357019977	17164.9329848663	-6465.58083621139	3846.15384615385	3897.4342	9	18	0.643944970640068	1.10104669737759	-0.499999999999998	-0.999999999999998
31386.6067213832	20963.7342948476	-6465.58083621139	3846.15384615385	3897.4342	9	18	0.686524090867085	1.19769534683586	-0.500000000000003	-1.00000000000001
31988.2777407687	24762.5356048289	-6465.58083621139	3846.15384615385	3897.4342	9	18	0.707005104973031	1.20164300595289	-0.5	-0.999999999999989
32589.9487601542	28561.3369148102	-6465.58083621139	3846.15384615385	3897.4342	9	18	0.700845973083595	1.18213469077287	-0.499999999999997	-0.999999999999997
33191.6197795397	32360.1382247915	-6465.58083621139	3846.15384615385	3897.4342	9	18	0.657446359823382	1.12710177869221	-0.499999999999999	-1
33793.2907989252	36158.9395347728	-6465.58083621139	3846.15384615385	3897.4342	9	18	0.580816301749142	1.01268975614563	-0.500000000000002	-0.999999999999997
34394.9618183107	39957.7408447541	-6465.58083621139	3846.15384615385	3897.4342	9	18	0.475885754098164	0.839094842764352	-0.500000000000001	-1.00000000000001
34996.6328376962	43756.5421547354	-6465.58083621139	3846.15384615385	3897.4342	9	18	0.326397770133939	0.592261132179885	-0.500000000000001	-1
23824.0240279865	-51664.0523665593	-7730.17290858243	4166.66666666667	4287.17762	9	18	0.241287108456483	0.505589626735719	-0.499999999999999	-1
24475.8342989874	-47548.6842807462	-7730.17290858243	4166.66666666667	4287.17762	9	18	0.344082365667953	0.784539924488217	-0.500000000000001	-1
25127.6445699884	-43433.3161949331	-7730.17290858243	4166.66666666667	4287.17762	9	18	0.363473050340258	0.831574248765844	-0.5	-1
25779.4548409894	-39317.9481091201	-7730.17290858243	4166.66666666667	4287.17762	9	18	0.384155053887195	0.685977780867329	-0.500000000000002	-1
26431.2651119903	-35202.580023307	-7730.17290858243	4166.66666666667	4287.17762	9	18	0.447702866369588	0.898809484927803	-0.499999999999999	-1.00000000000001
27083.0753829913	-31087.2119374939	-7730.17290858243	4166.66666666667	4287.17762	9	18	0.538567942857326	1.20355223986412	-0.500000000000004	-1
27734.8856539923	-26971.8438516808	-7730.17290858243	4166.66666666667	4287.17762	9	18	0.568967885259033	1.2138212764707	-0.500000000000001	-0.999999999999998
28386.6959249932	-22856.4757658678	-7730.17290858243	4166.66666666667	4287.17762	9	18	0.648918293447675	1.29080795607086	-0.499999999999998	-0.999999999999994
29038.5061959942	-18741.1076800547	-7730.17290858243	4166.66666666667	4287.17762	9	18	0.683334901171216	1.29629361537581	-0.499999999999998	-1
29690.3164669951	-14625.7395942416	-7730.17290858243	4166.66666666667	4287.17762	9	18	0.799707537083685	1.50979476157642	-0.499999999999998	-1.00000000000001
30342.1267379961	-10510.3715084285	-7730.17290858243	4166.66666666667	4287.17762	9	18	0.856912584941272	1.68550090578919	-0.500000000000005	-1
30993.9370089971	-6395.00342261545	-7730.17290858243	4166.66666666667	4287.17762	9	18	0.882821801510143	1.77070928389578	-0.500000000000001	-0.999999999999998
31645.747279998	-2279.63533680239	-7730.17290858243	4166.66666666667	4287.17762	9	18	0.879561842879807	1.78467489650585	-0.500000000000001	-0.999999999999998
32297.557550999	1835.7327490107	-7730.17290858243	4166.66666666667	4287.17762	9	18	0.843804597989573	1.71755075949296	-0.499999999999998	-1
32949.3678219999	5951.10083482377	-7730.17290858243	4166.66666666667	4287.17762	9	18	0.767142744389634	1.53707767461177	-0.499999999999996	-1.00000000000001
33601.1780930009	10066.4689206368	-7730.17290858243	4166.66666666667	4287.17762	9	18	0.604942097862585	1.13068315271223	-0.499999999999998	-0.999999999999997
34252.9883640019	14181.8370064499	-7730.17290858243	4166.66666666667	4287.17762	9	18	0	0	4.2370569001075	7.55328186761502
34904.7986350028	18297.205092263	-7730.17290858243	4166.66666666667	4287.17762	9	18	0.603561725061462	1.17066132275284	-0.500000000000001	-0.999999999999996
35556.6089060038	22412.5731780761	-7730.17290858243	4166.66666666667	4287.17762	9	18	0.717926224631369	1.29385570831321	-0.500000000000004	-1
36208.4191770048	26527.9412638891	-7730.17290858243	4166.66666666667	4287.17762	9	18	0.725963128035353	1.2674908965313	-0.5	-0.999999999999997
36860.2294480057	30643.3093497022	-7730.17290858243	4166.66666666667	4287.17762	9	18	0.680356287682487	1.17193499427433	-0.500000000000002	-1
37512.0397190067	34758.6774355153	-7730.17290858243	4166.66666666667	4287.17762	9	18	0.596325462397372	1.0427552097224	-0.499999999999999	-0.999999999999997
38163.8499900076	38874.0455213284	-7730.17290858243	4166.66666666667	4287.17762	9	18	0.491104929324831	0.896878947271528	-0.500000000000001	-0.999999999999994
38815.6602610086	42989.4136071414	-7730.17290858243	4166.66666666667	4287.17762	9	18	0.33751230476238	0.641871772785657	-0.5	-1
28082.1585216095	-52146.7198564864	-9121.22418819057	4545.45454545455	4715.895382	9	18	0.287689378433341	0.617997959596624	-0.500000000000001	-1
28793.2242717924	-47657.2273992358	-9121.22418819057	4545.45454545455	4715.895382	9	18	0.389662354722814	0.868970662522913	-0.499999999999999	-1
29504.2900219753	-43167.7349419851	-9121.22418819057	4545.45454545455	4715.895382	9	18	0.385975792071636	0.914631986618231	-0.500000000000001	-1
30215.3557721581	-38678.2424847345	-9121.22418819057	4545.45454545455	4715.895382	9	18	0	0	3.14449092901835	6.44094833664411
30926.421522341	-34188.7500274839	-9121.22418819057	4545.45454545455	4715.895382	9	18	0.538066206437319	1.18589871056367	-0.499999999999998	-0.999999999999996
31637.4872725239	-29699.2575702333	-9121.22418819057	4545.45454545455	4715.895382	9	18	0.669627525514078	1.41041846215917	-0.500000000000003	-1
32348.5530227068	-25209.7651129826	-9121.22418819057	4545.45454545455	4715.895382	9	18	0.74007699194358	1.49760806031931	-0.500000000000001	-0.999999999999997
33059.6187728896	-20720.272655732	-9121.22418819057	4545.45454545455	4715.895382	9	18	0.791819788452349	1.53979701076547	-0.500000000000005	-1
33770.6845230725	-16230.7801984814	-9121.22418819057	4545.45454545455	4715.895382	9	18	0.838076828352866	1.58437555578502	-0.500000000000001	-0.999999999999998
34481.7502732553	-11741.2877412308	-9121.22418819057	4545.45454545455	4715.895382	9	18	0.857958046308623	1.64944042535184	-0.499999999999999	-1.00000000000001
35192.8160234382	-7251.79528398013	-9121.22418819057	4545.45454545455	4715.895382	9	18	0.870416996039829	1.74725658235073	-0.500000000000001	-1
35903.8817736211	-2762.30282672951	-9121.22418819057	4545.45454545455	4715.895382	9	18	0.865987451762041	1.78232792028922	-0.500000000000001	-0.999999999999995
36614.947523804	1727.18963052112	-9121.22418819057	4545.45454545455	4715.895382	9	18	0.814087358467073	1.71339073610984	-0.5	-1.00000000000001
37326.0132739868	6216.68208777175	-9121.22418819057	4545.45454545455	4715.895382	9	18	0.658445332395836	1.45655586576699	-0.5	-1
38037.0790241697	10706.1745450224	-9121.22418819057	4545.45454545455	4715.895382	9	18	0	0	4.16210276594958	7.95434912878759
38748.1447743526	15195.667002273	-9121.22418819057	4545.45454545455	4715.895382	9	18	0.621081606556459	1.15502247753355	-0.499999999999998	-1.00000000000001
39459.2105245354	19685.1594595236	-9121.22418819057	4545.45454545455	4715.895382	9	18	0.732891339661135	1.35848430357278	-0.499999999999998	-0.999999999999998
40170.2762747183	24174.6519167742	-9121.22418819057	4545.45454545455	4715.895382	9	18	0.730927310624285	1.33731083632571	-0.500000000000001	-0.999999999999998
40881.3420249012	28664.1443740249	-9121.22418819057	4545.45454545455	4715.895382	9	18	0.669397658289891	1.16738612352794	-0.499999999999998	-1
41592.407775084	33153.6368312755	-9121.22418819057	4545.45454545455	4715.895382	9	18	0.541469210552027	0.93149916109218	-0.499999999999999	-0.999999999999999
42303.4735252669	37643.1292885261	-9121.22418819057	4545.45454545455	4715.895382	9	18	0.46211354519425	0.897847845336403	-0.499999999999998	-1
43014.5392754498	42132.6217457768	-9121.22418819057	4545.45454545455	4715.895382	9	18	0.333040290926251	0.671372815272061	-0.500000000000003	-0.999999999999999
32769.069238554	-52658.9478768343	-10651.3805957595	5000	5187.48492020001	9	18	0.32382988106393	0.656770000911025	-0.5	-0.999999999999997
33551.2415637552	-47720.5061738587	-10651.3805957595	5000	5187.48492020001	9	18	0.448567637503329	0.939401791198968	-0.5	-1
34333.4138889563	-42782.064470883	-10651.3805957595	5000	5187.48492020001	9	18	0.516456470204287	1.06734478991812	-0.5	-0.999999999999998
35115.5862141575	-37843.6227679073	-10651.3805957595	5000	5187.48492020001	9	18	0.635784691323573	1.19944804436355	-0.499999999999998	-1
35897.7585393586	-32905.1810649316	-10651.3805957595	5000	5187.48492020001	9	18	0.727489336095941	1.46367570005345	-0.500000000000001	-0.999999999999994
36679.9308645598	-27966.7393619559	-10651.3805957595	5000	5187.48492020001	9	18	0.783545631553792	1.59481597728917	-0.499999999999998	-1
37462.1031897609	-23028.2976589802	-10651.3805957595	5000	5187.48492020001	9	18	0.814036386501441	1.63337317740317	-0.500000000000002	-0.999999999999998
38244.2755149621	-18089.8559560045	-10651.3805957595	5000	5187.48492020001	9	18	0.822240781809666	1.559415525731	-0.499999999999999	-0.99999999999999
39026.4478401632	-13151.4142530288	-10651.3805957595	5000	5187.48492020001	9	18	0.772508649521306	1.42193765938639	-0.499999999999999	-0.999999999999996
39808.6201653644	-8212.97255005315	-10651.3805957595	5000	5187.48492020001	9	18	0.813767146238327	1.67361456771338	-0.499999999999998	-1.00000000000001
40590.7924905656	-3274.53084707746	-10651.3805957595	5000	5187.48492020001	9	18	0.853694670742125	1.77367038236053	-0.5	-1.00000000000001
41372.9648157667	1663.91085589823	-10651.3805957595	5000	5187.48492020001	9	18	0.830591457614826	1.72573274021778	-0.5	-0.999999999999996
42155.1371409679	6602.35255887392	-10651.3805957595	5000	5187.48492020001	9	18	0.761106882577452	1.52733883896985	-0.499999999999998	-1
42937.309466169	11540.7942618496	-10651.3805957595	5000	5187.48492020001	9	18	0.778831184767134	1.3743658054792	-0.499999999999999	-1
43719.4817913702	16479.2359648253	-10651.3805957595	5000	5187.48492020001	9	18	0.790600810737859	1.45635963326586	-0.499999999999999	-1
44501.6541165713	21417.677667801	-10651.3805957595	5000	5187.48492020001	9	18	0.744529478276016	1.42384080021067	-0.500000000000001	-0.999999999999996
45283.8264417725	26356.1193707767	-10651.3805957595	5000	5187.48492020001	9	18	0.600075322618457	1.2208156560421	-0.5	-1
46065.9987669736	31294.5610737524	-10651.3805957595	5000	5187.48492020001	9	18	0	0	3.17051239102524	6.00900024475486
46848.1710921748	36233.002776728	-10651.3805957595	5000	5187.48492020001	9	18	0.408967578045448	0.890804524604463	-0.500000000000001	-1
47630.3434173759	41171.4444797037	-10651.3805957595	5000	5187.48492020001	9	18	0.331608324109977	0.705226025408466	-0.499999999999999	-0.999999999999998
37929.0164289996	-53194.9629119783	-12334.5526440854	5555.55555555556	5706.23341222	9	18	0.331362349113178	0.597863956562415	-0.5	-0.999999999999998
38798.0967903342	-47707.8054642276	-12334.5526440854	5555.55555555556	5706.23341222	9	18	0.487892882709283	0.985319606507824	-0.499999999999998	-1.00000000000001
39667.1771516688	-42220.6480164768	-12334.5526440854	5555.55555555556	5706.23341222	9	18	0.63141045080375	1.26012538400648	-0.5	-1
40536.2575130034	-36733.490568726	-12334.5526440854	5555.55555555556	5706.23341222	9	18	0.742760603631429	1.46893752449639	-0.500000000000001	-1.00000000000001
41405.3378743381	-31246.3331209753	-12334.5526440854	5555.55555555556	5706.23341222	9	18	0.803690481090932	1.62473749697449	-0.500000000000003	-0.999999999999995
42274.4182356727	-25759.1756732245	-12334.5526440854	5555.55555555556	5706.23341222	9	18	0.810720378780524	1.68269903569023	-0.499999999999999	-0.999999999999999
43143.4985970073	-20272.0182254737	-12334.5526440854	5555.55555555556	5706.23341222	9	18	0.710824880717208	1.55824241334203	-0.499999999999999	-0.999999999999997
44012.5789583419	-14784.860777723	-12334.5526440854	5555.55555555556	5706.23341222	9	18	0	0	4.15915737890455	8.26870340761429
44881.6593196765	-9297.70332997222	-12334.5526440854	5555.55555555556	5706.23341222	9	18	0.743361989289548	1.61155941086331	-0.500000000000002	-1.00000000000001
45750.7396810111	-3810.54588222146	-12334.5526440854	5555.55555555556	5706.23341222	9	18	0.862929871890087	1.78045156704759	-0.499999999999999	-0.999999999999999
46619.8200423457	1676.61156552931	-12334.5526440854	5555.55555555556	5706.23341222	9	18	0.872338307584834	1.76000729248111	-0.500000000000001	-1
47488.9004036804	7163.76901328008	-12334.5526440854	5555.55555555556	5706.23341222	9	18	0.857016757405741	1.66736988242979	-0.5	-0.999999999999999
48357.980765015	12650.9264610308	-12334.5526440854	5555.55555555556	5706.23341222	9	18	0.841480004699307	1.59008501091396	-0.5	-0.999999999999998
49227.0611263496	18138.0839087816	-12334.5526440854	5555.55555555556	5706.23341222	9	18	0.793181575641081	1.51968116203315	-0.500000000000002	-0.999999999999999
50096.1414876842	23625.2413565324	-12334.5526440854	5555.55555555556	5706.23341222	9	18	0.699285946259341	1.37001257811195	-0.499999999999998	-0.999999999999999
50965.2218490188	29112.3988042831	-12334.5526440854	5555.55555555556	5706.23341222	9	18	0.581773394269351	1.08880703128685	-0.499999999999998	-0.999999999999997
51834.3022103534	34599.5562520339	-12334.5526440854	5555.55555555556	5706.23341222	9	18	0.514703376237991	0.990262932048595	-0.499999999999999	-0.999999999999995
52703.3825716881	40086.7136997847	-12334.5526440854	5555.55555555556	5706.23341222	9	18	0.3602251746604	0.750194435476103	-0.5	-0.999999999999998
43611.4764411997	-53743.4257697786	-14186.0418972438	6250	6276.85675344201	9	18	0	0	1.32003804520638	2.22360337835356
44589.1918477012	-47570.373641059	-14186.0418972438	6250	6276.85675344201	9	18	0.496169725339787	1.03493068884193	-0.500000000000002	-1
45566.9072542026	-41397.3215123394	-14186.0418972438	6250	6276.85675344201	9	18	0.697575979784081	1.39268487562736	-0.500000000000001	-1
46544.6226607041	-35224.2693836198	-14186.0418972438	6250	6276.85675344201	9	18	0.801812004001204	1.59697518744165	-0.500000000000001	-1
47522.3380672055	-29051.2172549002	-14186.0418972438	6250	6276.85675344201	9	18	0.839898986016784	1.69905696166114	-0.500000000000001	-0.999999999999997
48500.053473707	-22878.1651261806	-14186.0418972438	6250	6276.85675344201	9	18	0.822669059346379	1.67709376820857	-0.499999999999999	-1
49477.7688802084	-16705.1129974609	-14186.0418972438	6250	6276.85675344201	9	18	0.805055947718092	1.49986185357188	-0.500000000000002	-1
50455.4842867098	-10532.0608687413	-14186.0418972438	6250	6276.85675344201	9	18	0.883071121878293	1.69051635471253	-0.499999999999998	-1
51433.1996932113	-4359.00874002173	-14186.0418972438	6250	6276.85675344201	9	18	0.900178403430468	1.78190940387568	-0.500000000000001	-0.999999999999997
52410.9150997127	1814.04338869789	-14186.0418972438	6250	6276.85675344201	9	18	0.889763497096169	1.76029364047006	-0.500000000000002	-1.00000000000001
53388.6305062142	7987.0955174175	-14186.0418972438	6250	6276.85675344201	9	18	0.862918108746262	1.6849181800652	-0.500000000000002	-1
54366.3459127156	14160.1476461371	-14186.0418972438	6250	6276.85675344201	9	18	0.817624589931948	1.58447099819546	-0.499999999999999	-1
55344.061319217	20333.1997748567	-14186.0418972438	6250	6276.85675344201	9	18	0.744087498108993	1.44897538705983	-0.5	-1
56321.7767257185	26506.2519035763	-14186.0418972438	6250	6276.85675344201	9	18	0.649013116676316	1.26681795597591	-0.500000000000002	-1
57299.4921322199	32679.3040322959	-14186.0418972438	6250	6276.85675344201	9	18	0.53980593146728	1.07553919157919	-0.499999999999998	-1
58277.2075387214	38852.3561610156	-14186.0418972438	6250	6276.85675344201	9	18	0.371801172061423	0.784471992816227	-0.500000000000002	-1
49835.0236933282	-54518.2085836011	-16222.6800757181	6666.66666666667	6904.54242878621	9	18	0	0	1.3584296859113	2.24897875184833
50877.9201269297	-47933.6196463002	-16222.6800757181	6666.66666666667	6904.54242878621	9	18	0.552112248021599	1.1000034586225	-0.499999999999998	-1
51920.8165605313	-41349.0307089993	-16222.6800757181	6666.66666666667	6904.54242878621	9	18	0.737435356860279	1.43963116438011	-0.500000000000002	-1
52963.7129941328	-34764.4417716984	-16222.6800757181	6666.66666666667	6904.54242878621	9	18	0.825256194048947	1.61708308274599	-0.499999999999998	-0.999999999999999
54006.6094277344	-28179.8528343974	-16222.6800757181	6666.66666666667	6904.54242878621	9	18	0.860327871165147	1.69633454788605	-0.500000000000001	-1
55049.5058613359	-21595.2638970965	-16222.6800757181	6666.66666666667	6904.54242878621	9	18	0.871946473887251	1.69821434300986	-0.499999999999998	-1
56092.4022949374	-15010.6749597956	-16222.6800757181	6666.66666666667	6904.54242878621	9	18	0.891990726695562	1.69577346253224	-0.499999999999999	-1
57135.298728539	-8426.08602249468	-16222.6800757181	6666.66666666667	6904.54242878621	9	18	0.89322905832724	1.72286709192586	-0.499999999999999	-1
58178.1951621405	-1841.49708519377	-16222.6800757181	6666.66666666667	6904.54242878621	9	18	0.872262915448829	1.70965097691489	-0.499999999999999	-0.999999999999999
59221.091595742	4743.09185210715	-16222.6800757181	6666.66666666667	6904.54242878621	9	18	0.837765305782427	1.64591003249617	-0.499999999999999	-0.999999999999994
60263.9880293436	11327.6807894081	-16222.6800757181	6666.66666666667	6904.54242878621	9	18	0.78838974312339	1.53614538247463	-0.499999999999999	-1
61306.8844629451	17912.269726709	-16222.6800757181	6666.66666666667	6904.54242878621	9	18	0.716252496822441	1.38581831258574	-0.500000000000002	-0.999999999999994
62349.7808965467	24496.8586640099	-16222.6800757181	6666.66666666667	6904.54242878621	9	18	0.620619991443697	1.21565059492824	-0.499999999999998	-1
63392.6773301482	31081.4476013108	-16222.6800757181	6666.66666666667	6904.54242878621	9	18	0.505659269117318	1.03861831892842	-0.5	-0.999999999999998
64435.5737637497	37666.0365386117	-16222.6800757181	6666.66666666667	6904.54242878621	9	18	0.348714950597187	0.768994764891914	-0.5	-0.999999999999998
56682.3224069645	-55361.6510329077	-18462.9820720398	7142.85714285714	7594.99667166483	9	18	0.424736952494496	0.728188115016856	-0.499999999999999	-0.999999999999998
57799.7114429662	-48306.734314371	-18462.9820720398	7142.85714285714	7594.99667166483	9	18	0.637861864609748	1.16468362208274	-0.500000000000001	-1
58917.1004789678	-41251.8175958343	-18462.9820720398	7142.85714285714	7594.99667166483	9	18	0.754273436554567	1.41877048333091	-0.5	-0.999999999999999
60034.4895149695	-34196.9008772976	-18462.9820720398	7142.85714285714	7594.99667166483	9	18	0.814836283700284	1.55758030346993	-0.5	-1
61151.8785509711	-27141.9841587609	-18462.9820720398	7142.85714285714	7594.99667166483	9	18	0.839917179298512	1.6168085904612	-0.500000000000001	-1
62269.2675869728	-20087.0674402242	-18462.9820720398	7142.85714285714	7594.99667166483	9	18	0.845679240243529	1.61876795165955	-0.500000000000004	-1
63386.6566229744	-13032.1507216875	-18462.9820720398	7142.85714285714	7594.99667166483	9	18	0.833435297936935	1.58961388884329	-0.499999999999999	-0.999999999999999
64504.0456589761	-5977.23400315081	-18462.9820720398	7142.85714285714	7594.99667166483	9	18	0.801176957272721	1.55384023672362	-0.500000000000001	-0.999999999999999
65621.4346949777	1077.68271538589	-18462.9820720398	7142.85714285714	7594.99667166483	9	18	0.75855029235863	1.49776249672407	-0.499999999999996	-0.999999999999997
66738.8237309793	8132.59943392259	-18462.9820720398	7142.85714285714	7594.99667166483	9	18	0.70202872324429	1.38169710553879	-0.500000000000001	-1
67856.212766981	15187.5161524593	-18462.9820720398	7142.85714285714	7594.99667166483	9	18	0.622489118079731	1.17311440530956	-0.499999999999999	-1
68973.6018029827	22242.432870996	-18462.9820720398	7142.85714285714	7594.99667166483	9	18	0.503507045724476	0.953335719994533	-0.500000000000002	-1
70090.9908389843	29297.3495895327	-18462.9820720398	7142.85714285714	7594.99667166483	9	18	0.400552339535182	0.835749686988777	-0.500000000000002	-1
71208.3798749859	36352.2663080694	-18462.9820720398	7142.85714285714	7594.99667166483	9	18	0.293723488327801	0.702893172607211	-0.499999999999999	-0.999999999999999
64266.4958136445	-55960.2082802799	-20927.3142679937	8333.33333333333	8354.49633883131	9	18	0.460901689688505	0.8177736630431	-0.5	-0.999999999999999
65570.1163556464	-47729.4721086537	-20927.3142679937	8333.33333333333	8354.49633883131	9	18	0.634879193028972	1.13573772142182	-0.5	-1
66873.7368976484	-39498.7359370276	-20927.3142679937	8333.33333333333	8354.49633883131	9	18	0.713354969644058	1.31134557811676	-0.500000000000001	-0.999999999999997
68177.3574396503	-31267.9997654015	-20927.3142679937	8333.33333333333	8354.49633883131	9	18	0.738861694564361	1.39310327818677	-0.499999999999998	-0.999999999999997
69480.9779816522	-23037.2635937753	-20927.3142679937	8333.33333333333	8354.49633883131	9	18	0.73013346122349	1.39159188265208	-0.500000000000001	-0.999999999999997
70784.5985236541	-14806.5274221491	-20927.3142679937	8333.33333333333	8354.49633883131	9	18	0.691995564724037	1.27352649053073	-0.5	-0.999999999999996
72088.2190656561	-6575.79125052301	-20927.3142679937	8333.33333333333	8354.49633883131	9	18	0.608872694744961	1.19491816443004	-0.5	-0.999999999999996
73391.839607658	1654.94492110314	-20927.3142679937	8333.33333333333	8354.49633883131	9	18	0.572076400252106	1.15657407218971	-0.500000000000001	-1
74695.4601496599	9885.6810927293	-20927.3142679937	8333.33333333333	8354.49633883131	9	18	0.433490254405494	0.937937451080949	-0.5	-1
75999.0806916618	18116.4172643554	-20927.3142679937	8333.33333333333	8354.49633883131	9	18	0	0	1.00791433356594	2.40933382702105
77302.7012336638	26347.1534359816	-20927.3142679937	8333.33333333333	8354.49633883131	9	18	0	0	0.760570436423754	1.99531557459141
78606.3217756657	34577.8896076077	-20927.3142679937	8333.33333333333	8354.49633883131	9	18	0.234446682399729	0.617788662904965	-0.5	-1
72565.9147118743	-56891.197580151	-23638.0796835429	9090.90909090909	9189.94597271444	9	18	0.395526946515672	0.677022000134958	-0.500000000000001	-0.999999999999997
73988.04621224	-47912.2126656497	-23638.0796835429	9090.90909090909	9189.94597271444	9	18	0.504326743746178	0.871187296371439	-0.500000000000001	-1
75410.1777126058	-38933.2277511485	-23638.0796835429	9090.90909090909	9189.94597271444	9	18	0.539717715479537	0.967084485315246	-0.499999999999998	-1
76832.3092129715	-29954.2428366472	-23638.0796835429	9090.90909090909	9189.94597271444	9	18	0.527765332108131	0.996941191435443	-0.499999999999998	-0.999999999999998
78254.4407133372	-20975.2579221459	-23638.0796835429	9090.90909090909	9189.94597271444	9	18	0.443666453216342	0.918420185660786	-0.499999999999999	-1
79676.572213703	-11996.2730076447	-23638.0796835429	9090.90909090909	9189.94597271444	9	18	0	0	1.09954559811559	2.24097633280291
81098.7037140687	-3017.28809314344	-23638.0796835429	9090.90909090909	9189.94597271444	9	18	0.313533284948804	0.764864588413497	-0.5	-0.999999999999999
82520.8352144344	5961.6968213578	-23638.0796835429	9090.90909090909	9189.94597271444	9	18	0	0	0.735810987075661	1.72058608484716
83942.9667148002	14940.6817358591	-23638.0796835429	9090.90909090909	9189.94597271444	9	18	0.252168976909985	0.54053414946367	-0.499999999999999	-1
85365.0982151659	23919.6666503603	-23638.0796835429	9090.90909090909	9189.94597271444	9	18	0.278221931728629	0.513808891142497	-0.500000000000001	-0.999999999999999
86787.2297155316	32898.6515648616	-23638.0796835429	9090.90909090909	9189.94597271444	9	18	0.235686945115761	0.507665234276699	-0.499999999999999	-0.999999999999999
85835.1064639566	-58532.6196685507	-27979.8519312579	10000	18910.5943001412	9	18	0	0	0.204261324232777	0.394520447024942
87399.4511143589	-48655.7362625994	-27979.8519312579	10000	18910.5943001412	9	18	0	0	0.229544858640065	0.526254098634059
88963.7957647612	-38778.852856648	-27979.8519312579	10000	18910.5943001412	9	18	0	0	0.228400021216122	0.591531149470489
90528.1404151635	-28901.9694506966	-27979.8519312579	10000	18910.5943001412	9	18	0	0	0.196159005371728	0.586204251235464
92092.4850655658	-19025.0860447452	-27979.8519312579	10000	18910.5943001412	9	18	0	0	0.147359875714776	0.486213496061345
93656.8297159681	-9148.20263879385	-27979.8519312579	10000	18910.5943001412	9	18	0	0	0.136787938928467	0.43112450724094
95221.1743663704	728.680767157535	-27979.8519312579	10000	18910.5943001412	9	18	0	0	0.0995214234482015	0.365194455058818
96785.5190167727	10605.5641731089	-27979.8519312579	10000	18910.5943001412	9	18	0	0	0.0982577752911897	0.324594619946347
98349.863667175	20482.4475790603	-27979.8519312579	10000	18910.5943001412	9	18	0	0	0.0781314320154066	0.290556395934958
99914.2083175773	30359.3309850117	-27979.8519312579	10000	18910.5943001412	9	18	0	0	0.0435611296010644	0.216302762208879
